id,accelerationx,accelerationy,accelerationz,angularvelocityx,angularvelocityy,angularvelocityz,pitch,roll,yaw,mdlcircle_id,hallsensor,timestamp,starttime,endtime,train_mode,blemac,training_id,training_handle_id,accelerationWorldx,accelerationWorldy,accelerationWorldz
30854,-32722,-24317,-25893,-18154,-31736,7406,-12353,-18196,-797,27,1,20737,2020-11-02 15:30:43,2020-11-02 15:31:13,4,DF:DC:EF:28:D6:3E,27,27,27753.566552705743,-13424.995648480513,-37175.29095303508
30855,-31223,-12551,-547,13075,-6918,-25396,23739,-4629,-20499,27,1,20763,2020-11-02 15:30:43,2020-11-02 15:31:13,4,DF:DC:EF:28:D6:3E,27,27,32009.847900349938,-3305.7625568591357,9856.171179222205
30856,5603,3316,1225,13064,24318,32221,25922,-8724,13816,27,1,20788,2020-11-02 15:30:43,2020-11-02 15:31:13,4,DF:DC:EF:28:D6:3E,27,27,-1291.0908700932332,5801.76174361456,2926.215138278874
30857,-27925,-23555,6600,24307,27399,19185,12606,5101,-6916,27,1,20839,2020-11-02 15:30:43,2020-11-02 15:31:13,4,DF:DC:EF:28:D6:3E,27,27,-11889.531110864222,25551.753195646623,-24165.07001009008
30858,-540,-28422,-1066,493,4864,32497,18489,-17939,-3329,27,1,20841,2020-11-02 15:30:43,2020-11-02 15:31:13,4,DF:DC:EF:28:D6:3E,27,27,951.6875440358614,28288.000666969678,2849.7980777679627
30859,-7196,17402,28887,2285,-22797,31215,-26571,31472,23297,27,1,20865,2020-11-02 15:30:43,2020-11-02 15:31:13,4,DF:DC:EF:28:D6:3E,27,27,-27399.40215837853,19124.37244060664,-8520.676564475818
30860,-23350,-10765,-29992,13032,24304,-259,-5582,16883,-31744,27,1,20891,2020-11-02 15:30:43,2020-11-02 15:31:13,4,DF:DC:EF:28:D6:3E,27,27,5343.238001579613,-19887.17447752329,33713.17083810156
30861,31745,16377,-5687,20701,25583,2842,28721,-22542,-19205,27,1,20916,2020-11-02 15:30:43,2020-11-02 15:31:13,4,DF:DC:EF:28:D6:3E,27,27,28579.409208858506,4889.929179465446,21624.03951375473
30862,-18926,8957,21730,-15913,-7951,23293,19757,15346,28408,27,1,20942,2020-11-02 15:30:43,2020-11-02 15:31:13,4,DF:DC:EF:28:D6:3E,27,27,-2144.8579231002514,15774.14115246029,25635.72273980144
30863,-7155,5350,-10286,12261,16614,32766,-3286,-6669,-11276,27,1,20967,2020-11-02 15:30:43,2020-11-02 15:31:13,4,DF:DC:EF:28:D6:3E,27,27,7089.65174263413,-1139.6142994985285,-11578.274414460186
30864,2057,-15149,1780,-15902,29681,-21230,1833,19955,-16656,27,1,20993,2020-11-02 15:30:43,2020-11-02 15:31:13,4,DF:DC:EF:28:D6:3E,27,27,-13032.032667619109,7927.505244058247,-2052.47050052794
31698,28670,32756,-8212,31486,-7955,28430,-13502,6671,11973,27,-1,42349,2020-11-02 15:30:43,2020-11-02 15:31:13,4,DF:DC:EF:28:D6:3E,27,27,21971.73233150016,2690.436347863806,-38371.420492483776
31699,15613,11767,-22804,-19200,4593,-9975,-3264,3089,19906,27,-1,42375,2020-11-02 15:30:43,2020-11-02 15:31:13,4,DF:DC:EF:28:D6:3E,27,27,-17117.31198426321,-9445.935021658737,-22804.0
31700,19707,-29449,-2581,-5375,-10511,7175,-32705,-15342,-6721,27,-1,42400,2020-11-02 15:30:43,2020-11-02 15:31:13,4,DF:DC:EF:28:D6:3E,27,27,4855.883782250077,-18442.76684911192,29975.91957959888
31701,19712,-30475,-17935,-8957,28146,9,-11203,24340,3261,27,-1,42426,2020-11-02 15:30:43,2020-11-02 15:31:13,4,DF:DC:EF:28:D6:3E,27,27,-24958.276511643882,-31557.49488386118,4490.183094641094
31702,-3591,-5636,30184,-16636,-2827,28170,4412,21269,-10823,27,-1,42451,2020-11-02 15:30:43,2020-11-02 15:31:13,4,DF:DC:EF:28:D6:3E,27,27,-520.2681976303602,-9620.92767496789,-29375.171568444865
31703,-13824,20994,22246,31744,27127,-31216,-11464,21269,-959,27,-1,42477,2020-11-02 15:30:43,2020-11-02 15:31:13,4,DF:DC:EF:28:D6:3E,27,27,9685.271986054326,11491.643870693408,30014.549067165844
31704,3586,15880,-1814,18175,25335,-26615,-19403,-2028,10558,27,-1,42503,2020-11-02 15:30:43,2020-11-02 15:31:13,4,DF:DC:EF:28:D6:3E,27,27,15381.76703395905,-5614.934183206876,-445.1393391574834
31705,-24048,9976,-20971,-29433,-11515,-19707,-30668,23828,28732,27,-1,42528,2020-11-02 15:30:43,2020-11-02 15:31:13,4,DF:DC:EF:28:D6:3E,27,27,25679.39533699407,-5940.801092049899,-20564.174150961324
31706,25601,-1529,-6161,-1798,-12804,28165,25396,-31213,-20677,27,-1,42554,2020-11-02 15:30:43,2020-11-02 15:31:13,4,DF:DC:EF:28:D6:3E,27,27,-12627.869325361691,1900.2104185411101,-23078.84485122375
31707,26867,13572,20725,-18698,19194,-30710,30001,15379,26681,27,-1,42579,2020-11-02 15:30:43,2020-11-02 15:31:13,4,DF:DC:EF:28:D6:3E,27,27,29503.297792338868,-2134.8015033052125,-21460.62766831525
31708,-13588,-10752,22271,3582,7935,4626,-1234,-25583,3895,27,-1,42605,2020-11-02 15:30:43,2020-11-02 15:31:13,4,DF:DC:EF:28:D6:3E,27,27,25736.457893297633,-10752.0,-4273.864774009373
31709,-13575,13056,-528,-24577,18177,-20713,-7635,-25330,12341,27,-1,42631,2020-11-02 15:30:43,2020-11-02 15:31:13,4,DF:DC:EF:28:D6:3E,27,27,-6153.05045289791,-2438.892218689793,17641.154153561132
31710,-32765,-7672,12792,508,-263,-23276,9004,-21749,-16846,27,-1,42656,2020-11-02 15:30:43,2020-11-02 15:31:13,4,DF:DC:EF:28:D6:3E,27,27,-27028.81635433392,-23232.0329840151,-5075.017528376206
31711,-7425,4871,-19208,19715,-8964,-12274,24875,-28151,-2256,27,-1,42682,2020-11-02 15:30:43,2020-11-02 15:31:13,4,DF:DC:EF:28:D6:3E,27,27,11565.2351531424,-17720.56040710134,-177.77713798946388
31712,-31485,265,-2570,-5119,30723,17680,-29397,18951,10288,27,-1,42707,2020-11-02 15:30:43,2020-11-02 15:31:13,4,DF:DC:EF:28:D6:3E,27,27,14667.961943625683,27544.3396876627,4913.307805440064
31713,-27633,-19699,9461,-11778,27145,-19446,-20693,-15868,-25808,27,-1,42733,2020-11-02 15:30:43,2020-11-02 15:31:13,4,DF:DC:EF:28:D6:3E,27,27,-27200.659533923998,-384.7227594132364,-22385.707947660245
31714,8460,-10485,-19465,24833,-7424,22781,-11989,-1533,49,27,-1,42759,2020-11-02 15:30:43,2020-11-02 15:31:13,4,DF:DC:EF:28:D6:3E,27,27,8460.0,-13336.174831965105,17634.281693657398
31715,4347,31496,-16139,22016,23560,4605,13612,16132,562,27,-1,42810,2020-11-02 15:30:43,2020-11-02 15:31:13,4,DF:DC:EF:28:D6:3E,27,27,30339.607178777067,1568.1904076508802,-18665.764411961576
31716,-17664,5901,23539,15873,-32246,8451,-29396,32259,28467,27,-1,42812,2020-11-02 15:30:43,2020-11-02 15:31:13,4,DF:DC:EF:28:D6:3E,27,27,-4808.703965359417,26404.279386820806,-13439.256461435898
31717,-8450,-19189,-26895,24321,-21755,-25346,-468,-9214,25396,27,-1,42835,2020-11-02 15:30:43,2020-11-02 15:31:13,4,DF:DC:EF:28:D6:3E,27,27,-26330.883009826703,-1129.4808699005553,-21641.860337950344
31718,-2565,12813,14580,19712,20995,28161,12077,-22526,-5324,27,-1,42861,2020-11-02 15:30:43,2020-11-02 15:31:13,4,DF:DC:EF:28:D6:3E,27,27,1751.4003054507782,-18589.64589979697,-5889.503908669086
31719,-6143,28178,1779,16385,-6145,-1536,22061,18178,2357,27,-1,42887,2020-11-02 15:30:43,2020-11-02 15:31:13,4,DF:DC:EF:28:D6:3E,27,27,6394.144652351584,-28147.06106354585,-1326.2132746374018
31720,-18432,6419,-29709,-16382,-12804,-7173,-20435,-19710,-6860,27,-1,42912,2020-11-02 15:30:43,2020-11-02 15:31:13,4,DF:DC:EF:28:D6:3E,27,27,-1189.5527149727106,-17668.482915765366,-30821.68947013788
31721,9212,-8943,28915,-29695,18428,13822,558,29187,-26316,27,-1,42938,2020-11-02 15:30:43,2020-11-02 15:31:13,4,DF:DC:EF:28:D6:3E,27,27,23183.820913369487,-13160.953833901423,17035.702510866016
31722,-10495,2833,502,10751,-24578,9731,-3539,24579,12340,27,-1,42963,2020-11-02 15:30:43,2020-11-02 15:31:13,4,DF:DC:EF:28:D6:3E,27,27,-5272.7023005285055,4713.371488205999,-8270.771285930241
31723,-1781,19978,-8194,31998,19200,-18176,-17619,6659,-3789,27,-1,42989,2020-11-02 15:30:43,2020-11-02 15:31:13,4,DF:DC:EF:28:D6:3E,27,27,3491.377595693029,-20934.40744312625,4358.319457023885
31724,17153,-29692,-22790,25854,-14333,-257,-31187,-7678,24628,27,-1,43040,2020-11-02 15:30:43,2020-11-02 15:31:13,4,DF:DC:EF:28:D6:3E,27,27,-15109.080989636115,-38042.101245800266,-4442.811885832974
31725,-20477,1033,-5642,16640,13310,6911,-32467,-13566,20276,27,-1,43042,2020-11-02 15:30:43,2020-11-02 15:31:13,4,DF:DC:EF:28:D6:3E,27,27,-9789.994960779317,-4365.396346237074,-18365.894898103263
31726,-11267,4109,-21005,1280,-4357,-1284,-30163,26627,4916,27,-1,43066,2020-11-02 15:30:43,2020-11-02 15:31:13,4,DF:DC:EF:28:D6:3E,27,27,8891.909092515538,21307.772309367618,-7207.772672787758
31727,3067,2829,30460,4350,-28924,-4099,22829,-12029,10292,27,-1,43091,2020-11-02 15:30:43,2020-11-02 15:31:13,4,DF:DC:EF:28:D6:3E,27,27,19903.13521786774,17857.977782742306,15171.65673255083
31728,-24574,-2293,14321,1539,-24064,-24578,-23251,-8957,18740,27,-1,43117,2020-11-02 15:30:43,2020-11-02 15:31:13,4,DF:DC:EF:28:D6:3E,27,27,5218.815435064725,8689.848121017983,-26673.59876522796
30957,-9170,-25095,32248,8486,27898,-14347,-11078,-20238,-25642,27,1,23375,2020-11-02 15:30:43,2020-11-02 15:31:13,4,DF:DC:EF:28:D6:3E,27,27,-12653.887506880772,-6120.118339846234,-39448.76058217145
30958,9251,-8195,9450,-8410,16895,-19220,9663,-30478,-29479,27,1,23400,2020-11-02 15:30:43,2020-11-02 15:31:13,4,DF:DC:EF:28:D6:3E,27,27,12128.650252457886,-2641.2440411099,-9378.763189720416
30959,29732,10755,11744,-9951,-1793,2278,18370,12785,-29987,27,1,23426,2020-11-02 15:30:43,2020-11-02 15:31:13,4,DF:DC:EF:28:D6:3E,27,27,5682.164309613549,-24169.303269253418,-22828.51666747995
30960,16395,13309,-2087,-18666,7168,-13865,-23871,25583,-16156,27,1,23451,2020-11-02 15:30:43,2020-11-02 15:31:13,4,DF:DC:EF:28:D6:3E,27,27,1587.3320064341074,20577.47962807035,4932.421743697477
30961,26121,22521,9666,-20985,-31736,-5919,18623,3309,14827,27,1,23502,2020-11-02 15:30:43,2020-11-02 15:31:13,4,DF:DC:EF:28:D6:3E,27,27,10643.521003742626,33597.661990620865,-6391.103770623637
30962,-21504,14587,9417,14334,-6902,744,-20806,2795,6129,27,1,23504,2020-11-02 15:30:43,2020-11-02 15:31:13,4,DF:DC:EF:28:D6:3E,27,27,-585.2146122610916,-25179.486373383,-11381.27689805568
30963,-24609,-7947,8645,-18190,-27903,2534,-11968,8427,-1545,27,1,23528,2020-11-02 15:30:43,2020-11-02 15:31:13,4,DF:DC:EF:28:D6:3E,27,27,-10242.940144493485,11167.995164948159,22668.298925857198
30964,2284,7414,-25909,7923,28413,-23314,-10693,6380,1532,27,1,23554,2020-11-02 15:30:43,2020-11-02 15:31:13,4,DF:DC:EF:28:D6:3E,27,27,-15795.099372290722,-17795.870449681403,-12856.211096494084
30965,-17697,7159,7637,25838,26870,-29201,-15049,-17426,24830,27,1,23579,2020-11-02 15:30:43,2020-11-02 15:31:13,4,DF:DC:EF:28:D6:3E,27,27,-9344.585968601392,-16885.524270704555,7093.422458789921
30966,-7456,-25868,-23078,2288,-15637,32496,9269,9458,-26114,27,1,23605,2020-11-02 15:30:43,2020-11-02 15:31:13,4,DF:DC:EF:28:D6:3E,27,27,17344.683872830537,-28409.100589018966,-12223.926908918218
30967,-7186,20215,9930,-2330,-14359,11522,-26061,11253,12540,27,1,23630,2020-11-02 15:30:43,2020-11-02 15:31:13,4,DF:DC:EF:28:D6:3E,27,27,17379.693095183764,11835.11186714751,10805.837126725815
30968,-5629,-15901,8897,16610,30697,2337,-15823,-29963,-10,27,1,23656,2020-11-02 15:30:43,2020-11-02 15:31:13,4,DF:DC:EF:28:D6:3E,27,27,8717.723535150933,14707.170054404203,8448.934628431674
30969,13359,26603,-23093,-9259,-14868,-32491,15407,-16653,-528,27,1,23682,2020-11-02 15:30:43,2020-11-02 15:31:13,4,DF:DC:EF:28:D6:3E,27,27,-36293.666224423614,9927.651185021841,-1918.507998072432
30970,-23000,12260,16112,-23333,-32268,1795,23851,7667,-16147,27,1,23733,2020-11-02 15:30:43,2020-11-02 15:31:13,4,DF:DC:EF:28:D6:3E,27,27,15909.180729589916,24717.828382535634,8650.49550978213
30971,13575,-30267,32527,-11544,-1029,28943,-12761,-6159,-2837,27,1,23735,2020-11-02 15:30:43,2020-11-02 15:31:13,4,DF:DC:EF:28:D6:3E,27,27,-4433.954480656766,42172.233704131315,18979.47299235664
30972,22802,-29743,13563,-10237,25578,-4337,-30680,-30225,4841,27,1,23758,2020-11-02 15:30:43,2020-11-02 15:31:13,4,DF:DC:EF:28:D6:3E,27,27,-17192.407928231714,-21442.854319488884,-28864.464835892108
30973,22846,14303,13543,-3050,22239,1051,-8912,6638,-544,27,1,23784,2020-11-02 15:30:43,2020-11-02 15:31:13,4,DF:DC:EF:28:D6:3E,27,27,8373.479904046737,19123.98542808535,-21773.52497054404
30974,-17058,11246,-16389,-5102,1774,-7409,-23495,-2323,21977,27,1,23810,2020-11-02 15:30:43,2020-11-02 15:31:13,4,DF:DC:EF:28:D6:3E,27,27,16174.302932209706,-7409.023523625688,19223.5661645667
30841,-32254,1506,20198,14568,-12308,14614,-2012,23039,30454,27,-1,20404,2020-11-02 15:30:43,2020-11-02 15:31:13,4,DF:DC:EF:28:D6:3E,27,27,3088.451511202937,-5131.424630447442,-37612.20153786515
30842,10798,-19483,-28663,16108,12538,-5862,-22751,8187,-16652,27,-1,20430,2020-11-02 15:30:43,2020-11-02 15:31:13,4,DF:DC:EF:28:D6:3E,27,27,533.2143980686724,-35464.04596653565,7731.027621806756
30843,26381,13044,11017,-10005,-3349,32529,20767,-265,30451,27,-1,20455,2020-11-02 15:30:43,2020-11-02 15:31:13,4,DF:DC:EF:28:D6:3E,27,27,-6390.598100414606,-29401.45720420413,-9065.9779499142
30844,12313,-27929,1797,29175,10236,21007,27677,-3084,1267,27,-1,20481,2020-11-02 15:30:43,2020-11-02 15:31:13,4,DF:DC:EF:28:D6:3E,27,27,12313.0,19615.586771168168,19962.139304763212
30845,-9720,28378,16882,21768,-1307,27163,11807,6897,14320,27,-1,20507,2020-11-02 15:30:43,2020-11-02 15:31:13,4,DF:DC:EF:28:D6:3E,27,27,20306.34728222324,20895.664682690986,18325.24667016206
30846,-14535,26587,18916,-4866,17893,15655,16164,14059,21482,27,-1,20532,2020-11-02 15:30:43,2020-11-02 15:31:13,4,DF:DC:EF:28:D6:3E,27,27,-16676.007874916108,30927.188377656094,6431.922761407299
30847,-21917,-30244,11264,-760,-26393,-16359,-5844,10982,-27424,27,-1,20558,2020-11-02 15:30:43,2020-11-02 15:31:13,4,DF:DC:EF:28:D6:3E,27,27,-4411.24207301002,15606.383124466687,35481.176279059124
30848,1842,-13084,-28679,26653,16095,-29196,-12233,-13080,17368,27,-1,20583,2020-11-02 15:30:43,2020-11-02 15:31:13,4,DF:DC:EF:28:D6:3E,27,27,25124.02316953165,17260.103890733495,-8242.6533627178
30849,9510,-8984,-16387,13605,1509,-12043,18750,28909,-9258,27,-1,20609,2020-11-02 15:30:43,2020-11-02 15:31:13,4,DF:DC:EF:28:D6:3E,27,27,3139.169209037644,15852.433466790017,13361.590281775061
30850,-31201,13562,-18947,-2787,-7177,-7173,1603,1264,29399,27,-1,20635,2020-11-02 15:30:43,2020-11-02 15:31:13,4,DF:DC:EF:28:D6:3E,27,27,4154.387164343361,33766.42285301686,-18947.0
30851,-12751,6398,26875,-992,-4611,21236,29114,9968,30168,27,-1,20660,2020-11-02 15:30:43,2020-11-02 15:31:13,4,DF:DC:EF:28:D6:3E,27,27,24853.81577553556,13230.643601190895,11533.68723756657
30852,-2280,30463,10979,-25053,-24834,17638,10685,1008,-13860,27,-1,20686,2020-11-02 15:30:43,2020-11-02 15:31:13,4,DF:DC:EF:28:D6:3E,27,27,7514.596177041532,-931.6813201182539,31565.70962632925
30853,15878,-29182,-25894,-29161,-5113,-30996,26814,-12562,23265,27,-1,20712,2020-11-02 15:30:43,2020-11-02 15:31:13,4,DF:DC:EF:28:D6:3E,27,27,27110.05742712665,32187.225740006426,-1796.254285941257
30797,-28924,-8187,11762,32257,-31486,-3587,-4809,-15115,1530,27,1,19278,2020-11-02 15:30:43,2020-11-02 15:31:13,4,DF:DC:EF:28:D6:3E,27,27,1341.4747659658788,-8187.0,-31195.237864973507
30798,-7166,23557,-30479,-10239,19458,-9987,-457,-21771,-28422,27,1,19303,2020-11-02 15:30:43,2020-11-02 15:31:13,4,DF:DC:EF:28:D6:3E,27,27,-25276.581123011427,-6773.752840120716,29162.715326127967
30799,16640,26115,-13071,28673,-1792,11519,6968,-23307,-5382,27,1,19329,2020-11-02 15:30:43,2020-11-02 15:31:13,4,DF:DC:EF:28:D6:3E,27,27,409.3563754902089,25108.861960170485,-22340.799995142275
30800,6143,11777,16370,1281,-9985,-29439,24120,-25611,-10758,27,1,19354,2020-11-02 15:30:43,2020-11-02 15:31:13,4,DF:DC:EF:28:D6:3E,27,27,-6242.041982197998,18403.38830920904,8170.88052984168
30801,17662,254,23538,-10752,-15874,-3325,-15304,30965,21242,27,1,19380,2020-11-02 15:30:43,2020-11-02 15:31:13,4,DF:DC:EF:28:D6:3E,27,27,-17483.559756388564,-19020.408242551446,14092.459420962376
30802,25086,21499,-3086,-16638,-15876,-1786,-26055,22517,15353,27,1,19405,2020-11-02 15:30:43,2020-11-02 15:31:13,4,DF:DC:EF:28:D6:3E,27,27,19915.427078097342,-15359.614276673245,-21644.763952716192
30803,-24322,5626,31473,8454,-774,30218,13371,16373,31479,27,1,19431,2020-11-02 15:30:43,2020-11-02 15:31:13,4,DF:DC:EF:28:D6:3E,27,27,-28875.521753871562,-11528.224173439843,25437.483756232803
30804,11521,-25351,-22804,-15353,5114,-3060,-32707,18165,8181,27,1,19457,2020-11-02 15:30:43,2020-11-02 15:31:13,4,DF:DC:EF:28:D6:3E,27,27,-20858.88425637216,-5322.866014503586,28844.463991742203
30805,12031,26871,3307,-24826,-2822,16398,-10689,26357,-28686,27,1,19482,2020-11-02 15:30:43,2020-11-02 15:31:13,4,DF:DC:EF:28:D6:3E,27,27,-14350.762389034182,12479.327786303611,22716.818612109237
30806,1790,-30476,16105,-12283,19195,3857,11330,-24331,-21777,27,1,19508,2020-11-02 15:30:43,2020-11-02 15:31:13,4,DF:DC:EF:28:D6:3E,27,27,9616.41162284212,31692.372899219965,9720.073483099512
30807,23549,10739,-1304,31750,-9223,-12781,-25532,9462,23532,27,1,19534,2020-11-02 15:30:43,2020-11-02 15:31:13,4,DF:DC:EF:28:D6:3E,27,27,-17821.18745673053,-11404.549066327798,-14964.072848853422
30808,-1794,28404,18916,-29689,21752,-6123,-22854,20471,-14616,27,1,19559,2020-11-02 15:30:43,2020-11-02 15:31:13,4,DF:DC:EF:28:D6:3E,27,27,-22545.852936156378,11893.48159319885,22760.718771019707
30809,-9215,-1804,-16159,-15867,20985,-19177,-1092,-13064,8421,27,1,19585,2020-11-02 15:30:43,2020-11-02 15:31:13,4,DF:DC:EF:28:D6:3E,27,27,11528.805137267642,14616.178622125357,-1654.6590564333835
30810,-17149,-8972,-6945,-28158,10491,32024,-24386,25594,-32287,27,1,19610,2020-11-02 15:30:43,2020-11-02 15:31:13,4,DF:DC:EF:28:D6:3E,27,27,-7000.913673914758,15536.57151152164,-11507.396030282758
30811,-26107,9205,-23586,17151,-3589,-20712,-31553,-4869,-6435,27,1,19636,2020-11-02 15:30:43,2020-11-02 15:31:13,4,DF:DC:EF:28:D6:3E,27,27,7123.208766207,35599.19077708962,2136.4416419385348
30812,25094,24053,-14370,-7684,-27142,-28906,-21825,-27651,-26918,27,1,19662,2020-11-02 15:30:43,2020-11-02 15:31:13,4,DF:DC:EF:28:D6:3E,27,27,24919.04536843044,10680.725854567618,-26071.36011307573
30813,-251,4598,29664,-28677,29176,-25581,17343,23039,-14889,27,1,19687,2020-11-02 15:30:43,2020-11-02 15:31:13,4,DF:DC:EF:28:D6:3E,27,27,-17058.428808670218,-16275.543649816722,18581.555007115
30814,31750,-18185,4833,27386,-11276,18961,30654,23553,27093,27,1,19713,2020-11-02 15:30:43,2020-11-02 15:31:13,4,DF:DC:EF:28:D6:3E,27,27,22473.094550779668,26821.35845425927,11734.111213886286
31657,26618,17921,-2330,-14097,3066,-3851,21317,12523,28646,27,-1,41299,2020-11-02 15:30:43,2020-11-02 15:31:13,4,DF:DC:EF:28:D6:3E,27,27,-8811.803227313001,16437.169887788114,-26216.037743394932
31658,26610,-10248,-21543,-20753,29681,-21004,321,19437,-1048,27,-1,41325,2020-11-02 15:30:43,2020-11-02 15:31:13,4,DF:DC:EF:28:D6:3E,27,27,-29383.848668171566,-10248.0,17572.204939790332
31659,-29968,-8728,-11317,12771,26099,-28927,22845,-27665,12777,27,-1,41350,2020-11-02 15:30:43,2020-11-02 15:31:13,4,DF:DC:EF:28:D6:3E,27,27,-20601.3773441006,20413.63533362103,16161.690536324399
31660,4869,-23313,-16163,-1061,24827,25872,-24774,4336,-5915,27,-1,41376,2020-11-02 15:30:43,2020-11-02 15:31:13,4,DF:DC:EF:28:D6:3E,27,27,25746.43842193025,10745.302227295686,-7078.494729095171
31661,-8687,-16161,7381,2271,-21767,4371,-2248,27375,11745,27,-1,41401,2020-11-02 15:30:43,2020-11-02 15:31:13,4,DF:DC:EF:28:D6:3E,27,27,14656.769117003532,6809.225272122348,-11398.886842334294
31662,27379,-78,-6892,14806,-18694,13609,-1482,32493,-19749,27,-1,41427,2020-11-02 15:30:43,2020-11-02 15:31:13,4,DF:DC:EF:28:D6:3E,27,27,-14242.43964306926,-1951.422060122751,24299.387933789512
31663,-26768,-309,2308,27625,-12035,-6877,11580,14057,-10288,27,-1,41453,2020-11-02 15:30:43,2020-11-02 15:31:13,4,DF:DC:EF:28:D6:3E,27,27,3750.98375199794,-9488.045904552973,24856.69476831832
31664,-29102,-29228,2823,12565,5862,26365,7232,491,-13876,27,-1,41478,2020-11-02 15:30:43,2020-11-02 15:31:13,4,DF:DC:EF:28:D6:3E,27,27,-4408.890646258971,34022.69156652275,-23069.240534499437
31665,14137,-17678,28415,22798,-7690,-29461,23105,-16147,7887,27,-1,41504,2020-11-02 15:30:43,2020-11-02 15:31:13,4,DF:DC:EF:28:D6:3E,27,27,-28445.326732191905,16886.357204458138,15016.424523244319
31666,-28362,22006,-28402,21009,-4869,-5887,28227,-24338,208,27,-1,41529,2020-11-02 15:30:43,2020-11-02 15:31:13,4,DF:DC:EF:28:D6:3E,27,27,19984.579963236232,-35878.78599246043,20215.58713963665
31667,24372,19204,12298,2850,-14082,16369,3654,-26386,-3887,27,-1,41555,2020-11-02 15:30:43,2020-11-02 15:31:13,4,DF:DC:EF:28:D6:3E,27,27,-6623.445240391048,19204.0,-26483.299665025526
31729,21755,-31219,30453,-16129,24317,29182,-11219,20740,12852,27,1,43143,2020-11-02 15:30:43,2020-11-02 15:31:13,4,DF:DC:EF:28:D6:3E,27,27,-1509.6260285754654,-17745.94566542641,-45366.21690965185
31730,-17921,-26864,-28172,8194,-15100,17669,3630,-15357,21556,27,1,43168,2020-11-02 15:30:43,2020-11-02 15:31:13,4,DF:DC:EF:28:D6:3E,27,27,-28952.453552963434,31262.631368445873,-4571.830506936945
31731,32517,10001,12790,-4609,9221,18180,17454,-20990,-23244,27,1,43194,2020-11-02 15:30:43,2020-11-02 15:31:13,4,DF:DC:EF:28:D6:3E,27,27,28863.047846393372,-15509.654568894211,15726.871086468063
31732,263,32017,3319,-513,-19704,-13309,19502,-27135,21813,27,1,43220,2020-11-02 15:30:43,2020-11-02 15:31:13,4,DF:DC:EF:28:D6:3E,27,27,3785.918139343868,31950.44243333785,-1004.6248833025693
31733,29191,-17904,12537,6400,10248,-4865,20526,-22528,23094,27,1,43245,2020-11-02 15:30:43,2020-11-02 15:31:13,4,DF:DC:EF:28:D6:3E,27,27,29586.876086617223,9846.064930806462,18908.089137020183
31734,7165,-24306,-16395,-254,-17658,-30721,-24786,16384,25399,27,1,43271,2020-11-02 15:30:43,2020-11-02 15:31:13,4,DF:DC:EF:28:D6:3E,27,27,27926.550800230307,-10954.525064998046,-3319.7932168262205
31735,14075,11278,-31500,4100,25601,-23036,11823,-23297,-17097,27,1,43296,2020-11-02 15:30:43,2020-11-02 15:31:13,4,DF:DC:EF:28:D6:3E,27,27,18247.66233339779,-17678.886082927966,-25923.516644798623
31736,-4609,-19187,8940,27651,22275,-24825,-5585,-26626,31031,27,1,43322,2020-11-02 15:30:43,2020-11-02 15:31:13,4,DF:DC:EF:28:D6:3E,27,27,-15625.101360260882,-14819.426864067438,-2355.471269646449
31737,7941,-16625,-3856,26108,-5118,14344,-15313,15101,16951,27,1,43348,2020-11-02 15:30:43,2020-11-02 15:31:13,4,DF:DC:EF:28:D6:3E,27,27,-8055.012060346919,9401.036163646731,-14179.42670764485
31738,-29438,7692,-19980,27903,-12544,-7163,-30929,11004,567,27,1,43373,2020-11-02 15:30:43,2020-11-02 15:31:13,4,DF:DC:EF:28:D6:3E,27,27,-14467.787092966471,21341.23653835264,25694.315862592543
31739,12546,9225,17907,28159,8448,-11002,-26065,24315,-29642,27,1,43399,2020-11-02 15:30:43,2020-11-02 15:31:13,4,DF:DC:EF:28:D6:3E,27,27,17465.358050068407,-9990.647436577072,12582.194640877498
31740,31237,31754,-8717,-3330,27135,30213,-26321,-30470,-1227,27,1,43424,2020-11-02 15:30:43,2020-11-02 15:31:13,4,DF:DC:EF:28:D6:3E,27,27,37368.92027073768,-14158.752185303923,-21520.834285742774
31741,-29693,522,7410,16895,3581,32004,-19665,6906,21813,27,1,43450,2020-11-02 15:30:43,2020-11-02 15:31:13,4,DF:DC:EF:28:D6:3E,27,27,21980.49360366042,-3667.5132624484663,20982.42313006789
31742,-1021,25865,22516,-24067,-22024,18693,-14801,-4871,9524,27,1,43476,2020-11-02 15:30:43,2020-11-02 15:31:13,4,DF:DC:EF:28:D6:3E,27,27,-8722.418533688813,4387.249130570879,-32888.940116541715
31743,30723,19467,18425,-14849,15609,-2298,48,-17159,-26318,27,1,43501,2020-11-02 15:30:43,2020-11-02 15:31:13,4,DF:DC:EF:28:D6:3E,27,27,4575.35987439043,-35079.73311140889,20268.83938098432
31744,9730,-12024,-26637,-2558,24823,4872,-11984,25337,817,27,1,43527,2020-11-02 15:30:43,2020-11-02 15:31:13,4,DF:DC:EF:28:D6:3E,27,27,-23023.453442081813,-19217.205995712844,-7028.430146101585
31745,-6654,24840,241,20482,-5388,22028,-2255,4601,-23762,27,1,43552,2020-11-02 15:30:43,2020-11-02 15:31:13,4,DF:DC:EF:28:D6:3E,27,27,-14449.62933022246,-21272.271346031077,241.0
31746,-21754,14857,-32013,-11524,-25351,17933,-27854,7672,27180,27,1,43578,2020-11-02 15:30:43,2020-11-02 15:31:13,4,DF:DC:EF:28:D6:3E,27,27,975.1417378129963,-21079.292854509786,35686.29492319128
30627,25362,-18702,20230,-15886,27644,-9699,-26081,10223,1264,27,-1,14924,2020-11-02 15:30:43,2020-11-02 15:31:13,4,DF:DC:EF:28:D6:3E,27,27,-9333.745770292835,-3085.6714826881184,-36133.20591085804
30628,-15084,13288,29697,4602,2299,8996,31773,-3095,-12048,27,-1,14950,2020-11-02 15:30:43,2020-11-02 15:31:13,4,DF:DC:EF:28:D6:3E,27,27,35598.79772020325,296.57286592925993,-4318.269840022354
30629,-14028,14055,1004,-30205,12528,-5090,26398,6628,-5905,27,-1,14976,2020-11-02 15:30:43,2020-11-02 15:31:13,4,DF:DC:EF:28:D6:3E,27,27,-16320.733870714725,9820.969778211536,5702.4576751398
30630,-3527,26854,3311,25352,-1049,7178,30765,28385,24801,27,-1,15001,2020-11-02 15:30:43,2020-11-02 15:31:13,4,DF:DC:EF:28:D6:3E,27,27,-5613.001304577337,-23010.086100799283,13548.797732220251
30631,-24277,-8741,-1556,18964,-13086,-30975,18237,-5917,32467,27,-1,15027,2020-11-02 15:30:43,2020-11-02 15:31:13,4,DF:DC:EF:28:D6:3E,27,27,4714.609263582363,15342.735478885412,-20262.57322051408
30632,-3807,-2596,21482,5142,27622,-3844,-28861,12264,-28464,27,-1,15052,2020-11-02 15:30:43,2020-11-02 15:31:13,4,DF:DC:EF:28:D6:3E,27,27,12969.370723771553,17625.42432561438,1961.792387440117
30633,-22244,-8733,-21,-8425,-4369,-12799,-4678,9963,6096,27,-1,15078,2020-11-02 15:30:43,2020-11-02 15:31:13,4,DF:DC:EF:28:D6:3E,27,27,845.4036034230064,-14846.535560085442,18706.33423764362
30634,-17629,-8464,4089,-16098,7661,-3334,-11842,-28691,-27952,27,-1,15104,2020-11-02 15:30:43,2020-11-02 15:31:13,4,DF:DC:EF:28:D6:3E,27,27,-5968.304633202364,-4166.729509363786,18605.336949410306
30635,-28643,31738,26107,26659,4077,-2581,15041,-20497,-24364,27,-1,15129,2020-11-02 15:30:43,2020-11-02 15:31:13,4,DF:DC:EF:28:D6:3E,27,27,11086.293669289324,43688.273848839715,-21856.952275810647
30636,27923,1272,14058,9249,-6411,-12058,963,13296,6874,27,-1,15155,2020-11-02 15:30:43,2020-11-02 15:31:13,4,DF:DC:EF:28:D6:3E,27,27,-442.06860171722013,1665.7565377483481,-31240.504277433243
30637,24860,13083,17916,-24562,22253,-10036,-15167,-9489,-18975,27,-1,15183,2020-11-02 15:30:43,2020-11-02 15:31:13,4,DF:DC:EF:28:D6:3E,27,27,-27888.037521057886,-14931.510861919363,10463.024973899834
30638,16115,-30221,19437,12817,28402,30410,3005,14320,-26899,27,-1,15206,2020-11-02 15:30:43,2020-11-02 15:31:13,4,DF:DC:EF:28:D6:3E,27,27,15702.290598055977,28054.228188004123,-22741.974095262667
30639,26097,4332,15566,17925,-16384,-30237,-17991,32752,26101,27,-1,15232,2020-11-02 15:30:43,2020-11-02 15:31:13,4,DF:DC:EF:28:D6:3E,27,27,-16464.185680190927,-15862.104402502417,20480.33746822326
30640,1020,-19455,-31783,22003,-13307,-27918,10051,-29200,-13064,27,-1,15257,2020-11-02 15:30:43,2020-11-02 15:31:13,4,DF:DC:EF:28:D6:3E,27,27,28025.66314800961,22229.58730826685,-10493.053283884425
30641,6402,-29964,-11291,14331,26627,18408,13631,31216,-30724,27,-1,15283,2020-11-02 15:30:43,2020-11-02 15:31:13,4,DF:DC:EF:28:D6:3E,27,27,-15154.107992029494,28924.049318611906,-256.8325921958658
30642,-15147,-18433,28887,-14863,24316,-28950,30011,-32014,-21248,27,-1,15309,2020-11-02 15:30:43,2020-11-02 15:31:13,4,DF:DC:EF:28:D6:3E,27,27,-17134.272684285857,-25141.29070909729,21863.16692661869
30643,-23566,31484,-12571,-17685,-17662,10232,-20425,-22797,23810,27,-1,15334,2020-11-02 15:30:43,2020-11-02 15:31:13,4,DF:DC:EF:28:D6:3E,27,27,-39442.776070892,4731.25099558096,-11247.725674032217
31256,17662,28934,-28699,24338,-14847,27105,31162,746,8422,27,1,31031,2020-11-02 15:30:43,2020-11-02 15:31:13,4,DF:DC:EF:28:D6:3E,27,27,25793.88430493897,4427.371709787432,-35886.336023712385
31257,-501,16650,-2610,13574,-31746,-535,-18877,-27159,-21268,27,1,31056,2020-11-02 15:30:43,2020-11-02 15:31:13,4,DF:DC:EF:28:D6:3E,27,27,-2877.803610342961,16611.8255211228,226.0536132651564
31258,-32263,-12801,29404,11774,22021,-6931,15166,15082,-2574,27,1,31082,2020-11-02 15:30:43,2020-11-02 15:31:13,4,DF:DC:EF:28:D6:3E,27,27,-8284.510893834256,-21409.885883742376,39272.708738958536
31259,-8208,-14847,10717,-13066,17152,17394,-3783,18155,-8458,27,1,31107,2020-11-02 15:30:43,2020-11-02 15:31:13,4,DF:DC:EF:28:D6:3E,27,27,-7285.755583691221,-16132.168934420408,-9451.436559911584
31260,25608,-8193,19694,9466,25855,14574,16694,-19988,-15623,27,1,31133,2020-11-02 15:30:43,2020-11-02 15:31:13,4,DF:DC:EF:28:D6:3E,27,27,-3551.951904528301,27078.018563290352,19102.698692960133
31261,-21285,-14601,-26658,-1299,-17418,-9740,-26573,5360,2811,27,1,31159,2020-11-02 15:30:43,2020-11-02 15:31:13,4,DF:DC:EF:28:D6:3E,27,27,-21285.0,29718.69142814835,6374.7584109911095
31262,4078,506,5345,25320,5365,30980,26673,8689,31481,27,1,31184,2020-11-02 15:30:43,2020-11-02 15:31:13,4,DF:DC:EF:28:D6:3E,27,27,3261.4680123836024,2068.8863275644294,-5526.0909120114475
31263,-11774,24831,-12828,16360,13554,6660,-29649,-22031,-19978,27,1,31210,2020-11-02 15:30:43,2020-11-02 15:31:13,4,DF:DC:EF:28:D6:3E,27,27,-5991.381908108995,-20394.29617407174,-21631.903462141898
31264,-16638,27646,-20765,-29207,-26129,16897,-10195,-20494,-9229,27,1,31235,2020-11-02 15:30:43,2020-11-02 15:31:13,4,DF:DC:EF:28:D6:3E,27,27,9394.877900659865,-19325.226817136347,31789.643953619976
31265,-13557,12791,-24088,7401,24816,-14332,11564,18419,-12048,27,1,31261,2020-11-02 15:30:43,2020-11-02 15:31:13,4,DF:DC:EF:28:D6:3E,27,27,8219.38646716893,-21882.553143927096,-19525.092266274354
31266,-26103,-5654,27125,-26135,28146,27658,28202,-3598,-10771,27,1,31287,2020-11-02 15:30:43,2020-11-02 15:31:13,4,DF:DC:EF:28:D6:3E,27,27,6280.255722670432,35053.183271832306,-13451.121907454452
31267,31508,31710,-13316,-10000,18677,20242,15145,-6928,-3094,27,1,31312,2020-11-02 15:30:43,2020-11-02 15:31:13,4,DF:DC:EF:28:D6:3E,27,27,-11901.915843034449,-1087.8116512991091,45086.085271141295
31268,19249,6116,-24592,30468,13801,29209,28716,22766,-17435,27,1,31338,2020-11-02 15:30:43,2020-11-02 15:31:13,4,DF:DC:EF:28:D6:3E,27,27,17576.543333058296,24573.30722867789,9995.679932157223
31269,-1205,-2572,24041,-20213,30187,26132,27187,-17684,28126,27,1,31363,2020-11-02 15:30:43,2020-11-02 15:31:13,4,DF:DC:EF:28:D6:3E,27,27,12992.072135716853,-15364.683828412293,13459.91985389421
31270,-22956,-29714,15634,25891,-21011,-20991,28474,10733,-27175,27,1,31389,2020-11-02 15:30:43,2020-11-02 15:31:13,4,DF:DC:EF:28:D6:3E,27,27,-22293.992303213727,-22002.919171054764,25945.54187401523
31271,20807,-5642,31955,-7408,13827,-30180,-29119,-14867,28119,27,1,31415,2020-11-02 15:30:43,2020-11-02 15:31:13,4,DF:DC:EF:28:D6:3E,27,27,-16569.83713219453,30142.95945047471,17399.07845202108
31272,30259,18699,-21995,18714,-4,-8706,11589,-13843,16085,27,1,31440,2020-11-02 15:30:43,2020-11-02 15:31:13,4,DF:DC:EF:28:D6:3E,27,27,4027.479774281813,-38161.155647722386,16629.6516288844
31273,15387,17423,-15880,-28643,21251,31481,14524,-31763,-27690,27,1,31466,2020-11-02 15:30:43,2020-11-02 15:31:13,4,DF:DC:EF:28:D6:3E,27,27,-22365.938213548776,14897.232580990036,-8386.439486194815
31625,593,-29478,3040,16914,-18460,-13543,7998,-4116,25031,27,-1,40480,2020-11-02 15:30:43,2020-11-02 15:31:13,4,DF:DC:EF:28:D6:3E,27,27,-14377.182869374517,11633.885885872844,-23162.362680328028
31626,-14536,31721,-32266,-10987,-16924,7422,-10685,20208,-317,27,-1,40505,2020-11-02 15:30:43,2020-11-02 15:31:13,4,DF:DC:EF:28:D6:3E,27,27,8163.512452756793,-10011.973351368328,45735.427701566055
31627,-14049,-17685,9984,-7395,15083,25337,-70,-12813,453,27,-1,40531,2020-11-02 15:30:43,2020-11-02 15:31:13,4,DF:DC:EF:28:D6:3E,27,27,-3231.978602776803,-17685.0,-16929.529565560668
31628,6949,-11534,25334,24859,13052,7940,27327,15093,11461,27,-1,40556,2020-11-02 15:30:43,2020-11-02 15:31:13,4,DF:DC:EF:28:D6:3E,27,27,-20122.65009134832,-20219.992683380977,-3060.0918589446287
31629,14379,12028,-7695,26395,-28416,-7938,-14909,10997,-17212,27,-1,40582,2020-11-02 15:30:43,2020-11-02 15:31:13,4,DF:DC:EF:28:D6:3E,27,27,-2941.587645154509,11704.473535920359,-16278.630512816928
31630,-231,7934,747,11805,-24063,30707,-30521,12532,-1595,27,-1,40608,2020-11-02 15:30:43,2020-11-02 15:31:13,4,DF:DC:EF:28:D6:3E,27,27,7206.836567847355,1534.2593462918728,-3044.2209089772387
31631,-24830,29436,-10783,25112,-22779,-23818,-13622,-26894,19655,27,-1,40633,2020-11-02 15:30:43,2020-11-02 15:31:13,4,DF:DC:EF:28:D6:3E,27,27,3736.6973332258094,21744.942259869662,33353.7803577765
31632,10524,-23821,7142,-25065,15879,-16900,-25650,27633,-23866,27,-1,40659,2020-11-02 15:30:43,2020-11-02 15:31:13,4,DF:DC:EF:28:D6:3E,27,27,-14424.086214929934,1148.673596631722,22799.760236297865
31633,-14576,13297,32492,-26855,21231,-16936,-28721,-15890,-21814,27,-1,40684,2020-11-02 15:30:43,2020-11-02 15:31:13,4,DF:DC:EF:28:D6:3E,27,27,9905.455664168387,29074.330900743244,-22395.65314428854
31634,-11027,-21515,25560,-5867,-9232,4571,-27188,-27413,-4909,27,-1,40710,2020-11-02 15:30:43,2020-11-02 15:31:13,4,DF:DC:EF:28:D6:3E,27,27,-17758.986798279933,-5280.729277190032,29908.792021737474
31635,15350,-2806,-11564,26374,-8200,-32024,25800,-1559,2523,27,-1,40736,2020-11-02 15:30:43,2020-11-02 15:31:13,4,DF:DC:EF:28:D6:3E,27,27,15350.0,-6917.540055597586,9682.322633500855
31456,-3325,27898,20193,-22297,12027,-19971,9264,-21266,21494,27,1,36152,2020-11-02 15:30:43,2020-11-02 15:31:13,4,DF:DC:EF:28:D6:3E,27,27,1815.8976145440272,1679.013110527645,-34510.791193888464
31457,-17915,-19214,4828,27876,-7182,17665,-24531,-31249,16884,27,1,36178,2020-11-02 15:30:43,2020-11-02 15:31:13,4,DF:DC:EF:28:D6:3E,27,27,1079.2869435000084,-23757.621243716654,12159.1602314343
31458,23810,28651,-8478,28389,20719,24328,7980,-16401,-17168,27,1,36203,2020-11-02 15:30:43,2020-11-02 15:31:13,4,DF:DC:EF:28:D6:3E,27,27,32075.93356049612,15745.335298779695,13523.730533829834
31459,-2292,17886,9968,-7450,18676,23569,-11734,23534,1517,27,1,36229,2020-11-02 15:30:43,2020-11-02 15:31:13,4,DF:DC:EF:28:D6:3E,27,27,16945.886744050465,1620.6744321162066,11607.48124456376
31460,-19431,-24611,-28177,18671,-5656,-9954,17196,31467,12007,27,1,36254,2020-11-02 15:30:43,2020-11-02 15:31:13,4,DF:DC:EF:28:D6:3E,27,27,-13731.057973021603,-38100.56145092787,-11705.284065992975
31461,3148,-24867,-22037,3059,-31252,25640,17716,9960,24027,27,1,36280,2020-11-02 15:30:43,2020-11-02 15:31:13,4,DF:DC:EF:28:D6:3E,27,27,9803.475766312064,-31070.004295475825,7242.48976377915
31462,-19875,-23327,-20464,-26884,-5394,23566,28988,24039,-30512,27,1,36306,2020-11-02 15:30:43,2020-11-02 15:31:13,4,DF:DC:EF:28:D6:3E,27,27,25291.783339863086,-7006.605972685573,-25868.378732207988
31463,-21670,24305,7181,18967,-24087,21999,-4033,23786,17871,27,1,36331,2020-11-02 15:30:43,2020-11-02 15:31:13,4,DF:DC:EF:28:D6:3E,27,27,-12072.416252133506,-22829.809921598433,-21093.724914744398
31464,20746,30420,8481,10290,-7944,19721,19777,237,13778,27,1,36357,2020-11-02 15:30:43,2020-11-02 15:31:13,4,DF:DC:EF:28:D6:3E,27,27,19838.912056124456,31894.845005706815,-4103.255718487218
31465,8499,-30200,-25335,26119,-29715,-4334,-16964,24558,12750,27,1,36382,2020-11-02 15:30:43,2020-11-02 15:31:13,4,DF:DC:EF:28:D6:3E,27,27,23800.61360937111,-26847.304570829907,-18408.91781443208
31466,-17873,28174,-20730,1564,-4866,1,-4928,21486,28108,27,1,36408,2020-11-02 15:30:43,2020-11-02 15:31:13,4,DF:DC:EF:28:D6:3E,27,27,11668.675112289597,-29592.758103452543,23044.78235858124
31467,-3038,-10992,4340,10016,7937,-4360,-10300,-16147,-24883,27,1,36434,2020-11-02 15:30:43,2020-11-02 15:31:13,4,DF:DC:EF:28:D6:3E,27,27,7795.633400593883,-5527.072892206481,-7587.402264792693
31468,-30449,-28139,23525,22299,11521,-29464,-14650,3052,-48,27,1,36459,2020-11-02 15:30:43,2020-11-02 15:31:13,4,DF:DC:EF:28:D6:3E,27,27,-30449.0,33101.1777996742,15796.865963676333
31469,-23044,9732,-5915,-8432,27392,-27930,15557,-7959,-14890,27,1,36485,2020-11-02 15:30:43,2020-11-02 15:31:13,4,DF:DC:EF:28:D6:3E,27,27,10350.142240107005,19422.962593868797,-13279.610863527834
31470,-5881,8707,-18712,5127,-30723,5864,16322,-29208,26588,27,1,36510,2020-11-02 15:30:43,2020-11-02 15:31:13,4,DF:DC:EF:28:D6:3E,27,27,1381.7465810411668,-18887.46908937869,10094.119168285342
31471,-6663,-29435,-10010,-30970,5627,23010,3004,-2329,-8476,27,1,36536,2020-11-02 15:30:43,2020-11-02 15:31:13,4,DF:DC:EF:28:D6:3E,27,27,-28368.73270181985,-10297.07720145368,-10010.0
31472,-29975,-18686,-3359,7422,-28419,24810,-13759,-1304,-532,27,1,36562,2020-11-02 15:30:43,2020-11-02 15:31:13,4,DF:DC:EF:28:D6:3E,27,27,-29975.0,4721.789731012438,18388.96894162654
31473,-23055,-9464,-20768,8178,-520,18420,-26819,-27158,32496,27,1,36587,2020-11-02 15:30:43,2020-11-02 15:31:13,4,DF:DC:EF:28:D6:3E,27,27,26654.990132194118,-12891.248166503101,13256.597103414768
31474,31219,-29948,29401,1265,-27151,27631,6458,-16660,25842,27,1,36613,2020-11-02 15:30:43,2020-11-02 15:31:13,4,DF:DC:EF:28:D6:3E,27,27,-28013.625431259326,30169.773898232714,32263.74124503568
31475,-25090,-30979,25568,-18962,-30477,10229,3639,-19473,-3342,27,1,36639,2020-11-02 15:30:43,2020-11-02 15:31:13,4,DF:DC:EF:28:D6:3E,27,27,21230.75537363049,-30979.0,-28852.829155302257
31410,13797,-19191,25563,6411,-22527,24808,-8515,17644,26849,27,-1,34974,2020-11-02 15:30:43,2020-11-02 15:31:13,4,DF:DC:EF:28:D6:3E,27,27,14596.43202116916,-145.28567782846218,-31607.6212854306
31411,10002,23571,-26927,-31748,12542,-10249,19388,24811,-5917,27,-1,35000,2020-11-02 15:30:43,2020-11-02 15:31:13,4,DF:DC:EF:28:D6:3E,27,27,-32231.108015894628,14040.968252123152,-12029.22527059006
31412,-16910,-11517,-25885,20727,-22023,-24857,3907,22508,24553,27,-1,35025,2020-11-02 15:30:43,2020-11-02 15:31:13,4,DF:DC:EF:28:D6:3E,27,27,-17270.904728090896,-2376.927954092084,28012.295110794887
31413,30445,-29184,-17433,29940,1019,12785,-16322,6382,13805,27,-1,35051,2020-11-02 15:30:43,2020-11-02 15:31:13,4,DF:DC:EF:28:D6:3E,27,27,-15307.684722935186,42355.70127009079,-7360.891817031856
31414,-6932,-31230,-4637,30193,-30218,-25099,-19909,-8209,-7954,27,-1,35077,2020-11-02 15:30:43,2020-11-02 15:31:13,4,DF:DC:EF:28:D6:3E,27,27,19351.052980547815,25873.927301466483,-971.5593355317848
31415,-13340,-17912,-5960,18933,-1306,-16131,-10182,32753,-8466,27,-1,35102,2020-11-02 15:30:43,2020-11-02 15:31:13,4,DF:DC:EF:28:D6:3E,27,27,-20549.063388689097,4809.120017024423,-9430.021341942569
31416,-19445,6143,-25869,6377,29690,22791,5944,3059,19181,27,-1,35128,2020-11-02 15:30:43,2020-11-02 15:31:13,4,DF:DC:EF:28:D6:3E,27,27,15710.113757497506,-27580.109389498433,-8807.924090827999
31417,-18696,-29698,10472,31977,25073,-28165,-32203,-27404,1004,27,-1,35153,2020-11-02 15:30:43,2020-11-02 15:31:13,4,DF:DC:EF:28:D6:3E,27,27,-7083.711375167177,-18466.05458815928,30822.074315341735
31418,23051,9201,-27425,-538,-28428,1033,12083,-27147,-19223,27,-1,35205,2020-11-02 15:30:43,2020-11-02 15:31:13,4,DF:DC:EF:28:D6:3E,27,27,3075.9879253509343,-20883.422367139967,-30373.649690459213
31419,-10225,-32022,11761,31721,-1036,18961,1073,-12,-30234,27,-1,35207,2020-11-02 15:30:43,2020-11-02 15:31:13,4,DF:DC:EF:28:D6:3E,27,27,27806.227276901533,-18888.43121133402,11761.0
31420,-21219,5356,-9227,6896,-17670,-27624,5936,-16398,2787,27,-1,35230,2020-11-02 15:30:43,2020-11-02 15:31:13,4,DF:DC:EF:28:D6:3E,27,27,9265.273789278372,10658.111927052218,-19095.276320601868
31421,6175,16106,31992,12285,9203,19485,-31439,5872,-24354,27,-1,35256,2020-11-02 15:30:43,2020-11-02 15:31:13,4,DF:DC:EF:28:D6:3E,27,27,4092.5566944435577,35205.705957941245,8051.780716446857
31422,10060,28142,-8466,-23541,-2066,-31716,-23753,-1555,28631,27,-1,35281,2020-11-02 15:30:43,2020-11-02 15:31:13,4,DF:DC:EF:28:D6:3E,27,27,-15648.013071013682,222.28246352446786,26831.68271718705
31423,-28089,-30467,-17410,28181,4847,8448,24125,-6418,17363,27,-1,35307,2020-11-02 15:30:43,2020-11-02 15:31:13,4,DF:DC:EF:28:D6:3E,27,27,42761.82234031748,-12902.297250456855,-5029.4518385185775
31424,30004,-13572,23571,-26339,12019,-31249,-20672,18417,28116,27,-1,35333,2020-11-02 15:30:43,2020-11-02 15:31:13,4,DF:DC:EF:28:D6:3E,27,27,34077.384480972316,13810.785337428955,16971.30862071172
31425,28447,5387,20941,18444,29961,30725,-26812,32753,-6187,27,-1,35358,2020-11-02 15:30:43,2020-11-02 15:31:13,4,DF:DC:EF:28:D6:3E,27,27,-6959.313999799154,-25010.662157224146,24552.225685452544
31426,-8699,-9466,20468,15896,30728,-22791,14918,-30224,13782,27,-1,35384,2020-11-02 15:30:43,2020-11-02 15:31:13,4,DF:DC:EF:28:D6:3E,27,27,21202.145994568742,-11070.138263586467,3483.9381524463856
31427,18202,-31227,28924,13855,-31232,-13854,28859,8944,17113,27,-1,35409,2020-11-02 15:30:43,2020-11-02 15:31:13,4,DF:DC:EF:28:D6:3E,27,27,-34617.18868409391,30276.125715693062,5295.5234167539775
31428,-9212,-30461,-11547,-28395,22272,-15134,-25925,-17681,26591,27,-1,35435,2020-11-02 15:30:43,2020-11-02 15:31:13,4,DF:DC:EF:28:D6:3E,27,27,14290.61264246942,-27284.38689202554,14050.17068327491
30771,-32544,-3055,-31760,-15615,-6139,-12571,20037,-18452,-7691,27,1,18612,2020-11-02 15:30:43,2020-11-02 15:31:13,4,DF:DC:EF:28:D6:3E,27,27,21359.533673305632,-19372.54234960204,-35293.30652080927
30772,26855,-3082,-29229,-10515,-26108,-32531,28991,-13588,9211,27,1,18637,2020-11-02 15:30:43,2020-11-02 15:31:13,4,DF:DC:EF:28:D6:3E,27,27,20903.95526069191,-20937.48728677965,26639.64096182476
30773,14846,-26889,7385,-24074,6,-3348,-26822,22509,-9218,27,1,18663,2020-11-02 15:30:43,2020-11-02 15:31:13,4,DF:DC:EF:28:D6:3E,27,27,225.85212604655132,21833.682282130143,22829.795680648487
30774,32206,-4103,26073,-25876,4601,-8458,25654,-29457,29953,27,1,18689,2020-11-02 15:30:43,2020-11-02 15:31:13,4,DF:DC:EF:28:D6:3E,27,27,20293.68077943033,10413.471609135042,-34836.59718555069
30775,5340,21247,-31262,7645,-6924,2297,-1230,2033,-15616,27,1,18714,2020-11-02 15:30:43,2020-11-02 15:31:13,4,DF:DC:EF:28:D6:3E,27,27,17097.618320603517,-13697.520095366277,-31262.0
30776,-1523,22783,26848,11498,-31769,4607,17201,-28429,-31235,27,1,18740,2020-11-02 15:30:43,2020-11-02 15:31:13,4,DF:DC:EF:28:D6:3E,27,27,20528.349429265232,-23473.895292303143,16424.458332498336
30777,-27887,-13315,13537,17388,-1304,9207,-16849,-28426,26874,27,1,18791,2020-11-02 15:30:43,2020-11-02 15:31:13,4,DF:DC:EF:28:D6:3E,27,27,-1608.1897401882181,-29170.69148273083,16873.317610324542
30778,-12780,17908,11255,-30217,-21791,18415,-27858,22522,-15113,27,1,18793,2020-11-02 15:30:43,2020-11-02 15:31:13,4,DF:DC:EF:28:D6:3E,27,27,-24017.967064461693,-3883.757991752997,-4330.539337302936
30779,-29927,5616,-18440,-27909,29417,-3332,-31954,-24835,-18188,27,1,18816,2020-11-02 15:30:43,2020-11-02 15:31:13,4,DF:DC:EF:28:D6:3E,27,27,-16761.477433848107,-21859.751829658402,22547.782799653418
30780,-26337,23542,32004,11773,-9229,-12796,10542,11006,28658,27,1,18842,2020-11-02 15:30:43,2020-11-02 15:31:13,4,DF:DC:EF:28:D6:3E,27,27,-8807.479247128287,-20323.240670823892,42207.9796596233
30781,-9702,-4871,14343,13320,-12551,16389,-21202,-9219,-784,27,1,18868,2020-11-02 15:30:43,2020-11-02 15:31:13,4,DF:DC:EF:28:D6:3E,27,27,6127.99920184573,6846.337726543445,-15464.55235421595
30782,27935,-11249,-15379,10767,28666,-21497,-2256,18685,-19985,27,1,18893,2020-11-02 15:30:43,2020-11-02 15:31:13,4,DF:DC:EF:28:D6:3E,27,27,27939.78498152418,15345.432146153918,11282.907180065858
31120,31742,-24819,-22058,761,-8696,29431,7612,6892,238,27,-1,27548,2020-11-02 15:30:43,2020-11-02 15:31:13,4,DF:DC:EF:28:D6:3E,27,27,-10452.03969572571,5151.40405355122,-44433.214957687116
31121,18692,6404,-5925,10992,17152,-13075,8004,-22549,20977,27,-1,27574,2020-11-02 15:30:43,2020-11-02 15:31:13,4,DF:DC:EF:28:D6:3E,27,27,17433.48767256137,-11016.270840516694,472.2174700625792
31122,-2831,26621,-24860,11249,-17919,-11536,-31426,18668,32757,27,-1,27599,2020-11-02 15:30:43,2020-11-02 15:31:13,4,DF:DC:EF:28:D6:3E,27,27,31635.452338905518,3716.4816942213465,-17891.275000104226
31123,-4366,-14082,14314,-12557,-31487,-12813,20026,1261,20984,27,-1,27625,2020-11-02 15:30:43,2020-11-02 15:31:13,4,DF:DC:EF:28:D6:3E,27,27,2640.003975782238,-12417.912222884896,-16158.004549837828
31124,4582,-23298,17887,-24337,-2819,-24331,-10442,24814,16634,27,-1,27651,2020-11-02 15:30:43,2020-11-02 15:31:13,4,DF:DC:EF:28:D6:3E,27,27,8224.36889996381,-23890.187280130718,-15663.811953595085
31125,-10250,13565,27625,-12563,8186,19707,308,-21009,25082,27,-1,27676,2020-11-02 15:30:43,2020-11-02 15:31:13,4,DF:DC:EF:28:D6:3E,27,27,6181.418060624192,-13595.921544275945,-28795.022801200943
31126,2542,-30213,-4646,21229,11250,-18948,13106,-27919,17913,27,-1,27702,2020-11-02 15:30:43,2020-11-02 15:31:13,4,DF:DC:EF:28:D6:3E,27,27,18409.143558900538,-19591.601725913017,14769.733384221694
31127,21503,-2310,-10530,17635,-6926,-17915,560,-29966,-16650,27,-1,27728,2020-11-02 15:30:43,2020-11-02 15:31:13,4,DF:DC:EF:28:D6:3E,27,27,-436.7700109053485,4596.565406673346,-23606.71149100924
31128,12812,19710,-19996,23779,4338,-8449,5165,7923,19956,27,-1,27753,2020-11-02 15:30:43,2020-11-02 15:31:13,4,DF:DC:EF:28:D6:3E,27,27,7023.113992458555,-20910.362426288117,-21584.81116549809
31129,-5880,-29199,20456,27618,22001,-1015,20010,-28173,26609,27,-1,27779,2020-11-02 15:30:43,2020-11-02 15:31:13,4,DF:DC:EF:28:D6:3E,27,27,29236.04652346568,-5957.569135794867,20380.502708961198
31130,12540,14813,-26873,16614,-31754,-10734,31271,-18191,29422,27,-1,27804,2020-11-02 15:30:43,2020-11-02 15:31:13,4,DF:DC:EF:28:D6:3E,27,27,-23329.15838314114,2832.990234447487,23378.606320006336
31131,25891,30964,3054,-277,-5125,2584,28709,-4115,-32276,27,-1,27830,2020-11-02 15:30:43,2020-11-02 15:31:13,4,DF:DC:EF:28:D6:3E,27,27,-3886.499419860575,28149.723218469746,-28825.826926264726
30783,4896,18463,3048,-5621,-3584,17672,10803,20988,-22546,27,1,18919,2020-11-02 15:30:43,2020-11-02 15:31:13,4,DF:DC:EF:28:D6:3E,27,27,3443.721615725121,-6994.820580116719,-17701.885647731517
30784,2070,-12004,-6678,23052,21760,-20473,1077,7931,2542,27,1,18945,2020-11-02 15:30:43,2020-11-02 15:31:13,4,DF:DC:EF:28:D6:3E,27,27,-4500.917463400083,-12004.0,-5349.9837371397825
30785,-17901,-18918,-26125,11272,3326,-7422,-24522,-18694,20461,27,1,18970,2020-11-02 15:30:43,2020-11-02 15:31:13,4,DF:DC:EF:28:D6:3E,27,27,-21694.202680496146,-29369.52477128536,-5257.826049462758
30786,-25319,276,11510,-14328,17155,15361,-2249,19450,4589,27,1,19021,2020-11-02 15:30:43,2020-11-02 15:31:13,4,DF:DC:EF:28:D6:3E,27,27,26689.911314195753,276.0,-7821.79615180335
30787,-31725,-22511,-26890,-16119,9737,22520,-8904,-24327,18926,27,1,19023,2020-11-02 15:30:43,2020-11-02 15:31:13,4,DF:DC:EF:28:D6:3E,27,27,-18926.583296743178,37839.498486000266,21124.621772695147
30788,5639,-30709,15087,-8692,-19961,240,-4807,-29959,-12816,27,1,19047,2020-11-02 15:30:43,2020-11-02 15:31:13,4,DF:DC:EF:28:D6:3E,27,27,-34609.78830666866,-1830.1027025808123,-1127.762592741744
30789,-19202,7688,13545,-26871,26375,-23825,-5830,-4359,-20749,27,1,19073,2020-11-02 15:30:43,2020-11-02 15:31:13,4,DF:DC:EF:28:D6:3E,27,27,21204.473408259288,-12686.149846171245,849.1658017808451
30790,-29958,-22777,1513,19458,-27383,-22538,4155,-17927,6646,27,1,19098,2020-11-02 15:30:43,2020-11-02 15:31:13,4,DF:DC:EF:28:D6:3E,27,27,35075.21346683197,12470.378795545312,-5725.531848813976
30791,-5636,-22522,-25110,30206,16649,8959,-23238,-9480,27895,27,1,19124,2020-11-02 15:30:43,2020-11-02 15:31:13,4,DF:DC:EF:28:D6:3E,27,27,27165.898005767147,-20141.63753458274,-5083.8472602689535
30792,16644,-8698,14571,12283,-16122,31745,2106,-18185,-9993,27,1,19149,2020-11-02 15:30:43,2020-11-02 15:31:13,4,DF:DC:EF:28:D6:3E,27,27,-17332.912636003974,10896.01691769246,-12076.37925381666
30793,23556,30463,22003,6908,11526,-20224,12601,-8202,16376,27,1,19175,2020-11-02 15:30:43,2020-11-02 15:31:13,4,DF:DC:EF:28:D6:3E,27,27,30916.80762951955,10985.974996055125,29840.75859265869
30794,-20474,18179,27628,-15620,-1789,12288,-25544,5366,-23304,27,1,19201,2020-11-02 15:30:43,2020-11-02 15:31:13,4,DF:DC:EF:28:D6:3E,27,27,38199.408743277,5939.19797261748,-4300.953395017044
30795,14854,22275,-21777,-258,20226,2814,7480,-8203,7673,27,1,19252,2020-11-02 15:30:43,2020-11-02 15:31:13,4,DF:DC:EF:28:D6:3E,27,27,-24383.095644376826,18216.24651225804,16269.224929351083
30796,-12284,-7676,-27408,25600,-13055,9214,-3529,-11019,-29191,27,1,19254,2020-11-02 15:30:43,2020-11-02 15:31:13,4,DF:DC:EF:28:D6:3E,27,27,12020.127359433776,13573.863936836731,-25145.235176614176
31611,-21274,-5919,20696,6391,31725,-21287,19270,28911,15858,27,-1,40147,2020-11-02 15:30:43,2020-11-02 15:31:13,4,DF:DC:EF:28:D6:3E,27,27,-8670.74798921841,11883.168392460027,-26449.01682981626
31612,23280,28136,-1067,-8978,-1298,3305,19265,-8718,8951,27,-1,40149,2020-11-02 15:30:43,2020-11-02 15:31:13,4,DF:DC:EF:28:D6:3E,27,27,27822.57795034199,-7943.630299865798,22305.476431948224
31613,-14101,-12577,-7203,1509,11505,9201,-5572,13302,9465,27,-1,40172,2020-11-02 15:30:43,2020-11-02 15:31:13,4,DF:DC:EF:28:D6:3E,27,27,10214.919804873784,-7368.914270432222,15819.508679318003
31614,6122,16856,22246,12514,27888,10748,-16840,-776,761,27,-1,40198,2020-11-02 15:30:43,2020-11-02 15:31:13,4,DF:DC:EF:28:D6:3E,27,27,6122.0,13213.659480325483,-24584.71995240142
31615,-5647,9953,5858,-2587,-19732,-24573,24885,763,3831,27,-1,40224,2020-11-02 15:30:43,2020-11-02 15:31:13,4,DF:DC:EF:28:D6:3E,27,27,-5647.0,-2072.365940941687,-11361.499566818848
31616,18429,-6433,18669,16872,15852,13832,21042,25084,756,27,-1,40249,2020-11-02 15:30:43,2020-11-02 15:31:13,4,DF:DC:EF:28:D6:3E,27,27,2628.398258804709,3734.0523001610054,26621.25968117915
31617,-4352,-28953,30695,-8986,32492,-22004,32559,-8452,-32528,27,-1,40275,2020-11-02 15:30:43,2020-11-02 15:31:13,4,DF:DC:EF:28:D6:3E,27,27,-29721.96049770844,-25663.62536083268,16043.14606028022
31618,6925,4075,-26387,-31768,3313,23054,30508,252,16621,27,-1,40300,2020-11-02 15:30:43,2020-11-02 15:31:13,4,DF:DC:EF:28:D6:3E,27,27,19075.18037501985,16345.670328703125,-11392.61050707044
31619,23560,7149,-8723,-5653,16366,-17397,-1751,2043,12522,27,-1,40326,2020-11-02 15:30:43,2020-11-02 15:31:13,4,DF:DC:EF:28:D6:3E,27,27,-16304.986773427474,18448.013641537545,-8723.0
31620,15614,-19474,-30479,-14607,-17939,28429,22312,-18183,3047,27,-1,40352,2020-11-02 15:30:43,2020-11-02 15:31:13,4,DF:DC:EF:28:D6:3E,27,27,-19328.0734078365,23580.31060445377,-24947.89857159854
31621,21003,-5912,-8704,10742,-28946,15896,-11993,16887,17123,27,-1,40377,2020-11-02 15:30:43,2020-11-02 15:31:13,4,DF:DC:EF:28:D6:3E,27,27,5191.9905925912435,1761.8805553375962,-22842.424993751592
31622,-4849,11488,-2053,8442,-7182,-20456,7976,-10765,2528,27,-1,40403,2020-11-02 15:30:43,2020-11-02 15:31:13,4,DF:DC:EF:28:D6:3E,27,27,-9820.879501644831,7934.532821623801,543.3863420688677
31623,-11226,11221,-23059,-23804,-27414,3874,12843,-7441,5851,27,-1,40428,2020-11-02 15:30:43,2020-11-02 15:31:13,4,DF:DC:EF:28:D6:3E,27,27,-25993.04352873165,-10317.346721372094,1251.1765440792633
31624,7745,12754,15326,7692,13541,23334,-26573,-23060,-12847,27,-1,40454,2020-11-02 15:30:43,2020-11-02 15:31:13,4,DF:DC:EF:28:D6:3E,27,27,-15905.30402488344,13150.82389255933,-5622.5396239526135
30690,23257,-8444,-30747,-20734,31744,-13322,-31046,-3094,-25096,27,1,16538,2020-11-02 15:30:43,2020-11-02 15:31:13,4,DF:DC:EF:28:D6:3E,27,27,-35702.662017604714,-105.46645413003351,-16818.91779169336
30691,9960,-18435,-5134,-14602,20480,-760,9402,12011,3320,27,1,16563,2020-11-02 15:30:43,2020-11-02 15:31:13,4,DF:DC:EF:28:D6:3E,27,27,-20772.625912455267,-5640.3609726754175,-1446.7625233990009
30692,12536,-13835,-20740,29688,-10494,-12787,31931,3307,-22796,27,1,16589,2020-11-02 15:30:43,2020-11-02 15:31:13,4,DF:DC:EF:28:D6:3E,27,27,-15770.974002732319,21805.171138314232,7383.563613457209
30693,-25099,-22796,25582,22011,5119,22285,-26179,15339,6385,27,1,16614,2020-11-02 15:30:43,2020-11-02 15:31:13,4,DF:DC:EF:28:D6:3E,27,27,-7294.6678884340245,-19615.523958682024,36960.45428865589
30694,-5897,19182,-2334,-20998,-17154,-1777,-21313,5612,-29971,27,1,16640,2020-11-02 15:30:43,2020-11-02 15:31:13,4,DF:DC:EF:28:D6:3E,27,27,16853.095475169186,-11134.962557974497,-396.3215075389335
30695,-5128,-24096,1494,-25867,12801,27413,-13887,12525,14313,27,1,16666,2020-11-02 15:30:43,2020-11-02 15:31:13,4,DF:DC:EF:28:D6:3E,27,27,-19296.95945416044,14804.17609136908,-4196.351043492942
30696,29950,20178,2768,-15631,-26365,-2527,14788,-5394,10979,27,1,16691,2020-11-02 15:30:43,2020-11-02 15:31:13,4,DF:DC:EF:28:D6:3E,27,27,25365.823071778173,19305.225726569282,17195.90903492611
30697,-29946,-30263,-24119,12268,3848,-26834,-9274,-26383,13531,27,1,16717,2020-11-02 15:30:43,2020-11-02 15:31:13,4,DF:DC:EF:28:D6:3E,27,27,21261.06289762461,41605.45283568136,14535.877847627356
30698,-16368,-6716,3278,-30746,18696,28982,-4665,26357,-24622,27,1,16742,2020-11-02 15:30:43,2020-11-02 15:31:13,4,DF:DC:EF:28:D6:3E,27,27,-288.983998606539,10609.303892673455,-14529.987032391089
30699,13849,-2616,-29746,-31261,-12279,4916,-5690,15609,-25654,27,1,16768,2020-11-02 15:30:43,2020-11-02 15:31:13,4,DF:DC:EF:28:D6:3E,27,27,23426.613041856297,-23121.650275913307,-214.15626417756718
30700,-31201,-2608,-809,6622,-17392,-1500,-4413,-19718,27331,27,1,16794,2020-11-02 15:30:43,2020-11-02 15:31:13,4,DF:DC:EF:28:D6:3E,27,27,-22238.60308351476,-21758.38614775396,-3602.181441726157
30701,-5869,-23338,21976,-1823,-12018,-19696,28096,-20743,-8770,27,1,16819,2020-11-02 15:30:43,2020-11-02 15:31:13,4,DF:DC:EF:28:D6:3E,27,27,29719.18677397906,12730.638058558829,-4093.015161872905
30702,-20977,7897,6120,10210,9220,31490,32700,-24840,18365,27,1,16845,2020-11-02 15:30:43,2020-11-02 15:31:13,4,DF:DC:EF:28:D6:3E,27,27,-10345.605820217961,-6715.934601160436,19690.510421154864
30703,-29424,-30503,15096,-17691,10488,-265,-6332,5881,-11331,27,1,16870,2020-11-02 15:30:43,2020-11-02 15:31:13,4,DF:DC:EF:28:D6:3E,27,27,3609.2228733152588,-12613.404571511941,43034.5156399616
30704,4622,3551,1275,7659,-2058,21490,15425,-18438,26559,27,1,16896,2020-11-02 15:30:43,2020-11-02 15:31:13,4,DF:DC:EF:28:D6:3E,27,27,1244.0488956314475,5474.834956015427,-2019.0677427143705
30920,20475,25087,-28692,-31233,20731,-22265,-19782,-24060,-23084,27,-1,22427,2020-11-02 15:30:43,2020-11-02 15:31:13,4,DF:DC:EF:28:D6:3E,27,27,18308.15883025156,22993.10551885093,-31748.10981531449
30921,8186,-2563,14573,24064,-6919,-5625,27322,-29435,-31789,27,-1,22453,2020-11-02 15:30:43,2020-11-02 15:31:13,4,DF:DC:EF:28:D6:3E,27,27,-13587.093075526996,-1145.1015485337218,-10001.576785712945
30922,18428,1791,-1814,3072,24313,27402,3514,-26106,2770,27,-1,22478,2020-11-02 15:30:43,2020-11-02 15:31:13,4,DF:DC:EF:28:D6:3E,27,27,-13418.184371763225,1791.0,-12760.646855287907
30923,23809,4863,29932,-258,-4102,30474,4934,29703,21712,27,-1,22504,2020-11-02 15:30:43,2020-11-02 15:31:13,4,DF:DC:EF:28:D6:3E,27,27,21042.88904149345,-7911.7495314710695,31321.604590739957
30924,14338,-8704,23016,-32258,-3847,-21753,28997,5128,-7986,27,-1,22529,2020-11-02 15:30:43,2020-11-02 15:31:13,4,DF:DC:EF:28:D6:3E,27,27,24241.036697789867,-1474.218360402696,14875.245747289573
30925,18434,31487,8685,23549,-8714,22279,-29884,15625,-25651,27,-1,22555,2020-11-02 15:30:43,2020-11-02 15:31:13,4,DF:DC:EF:28:D6:3E,27,27,-14852.451400850316,16273.330043851973,-30352.202006926025
30926,4101,7680,5101,-19203,-3338,2054,-21181,29962,21452,27,-1,22581,2020-11-02 15:30:43,2020-11-02 15:31:13,4,DF:DC:EF:28:D6:3E,27,27,-6003.229912417004,7808.609755073251,2192.6345595280072
30927,9988,-1794,22768,253,-16137,-23292,-15294,-28661,16843,27,-1,22606,2020-11-02 15:30:43,2020-11-02 15:31:13,4,DF:DC:EF:28:D6:3E,27,27,-17552.970315429327,-13189.047748879073,-11802.654641369663
30928,16137,5883,-7943,14846,16889,-22780,-7359,-32500,16330,27,-1,22632,2020-11-02 15:30:43,2020-11-02 15:31:13,4,DF:DC:EF:28:D6:3E,27,27,4970.428925125452,-2437.5835062121005,-18095.76552540729
30929,-3056,759,-17411,18690,1021,-25852,-32191,-2292,17609,27,-1,22658,2020-11-02 15:30:43,2020-11-02 15:31:13,4,DF:DC:EF:28:D6:3E,27,27,638.9182472574716,-17173.154697141785,-4211.01878663091
30930,24600,-782,16638,-1787,-25599,-24573,-8895,-16116,-30008,27,-1,22683,2020-11-02 15:30:43,2020-11-02 15:31:13,4,DF:DC:EF:28:D6:3E,27,27,-18412.498761649724,-14377.362886935489,18353.90677130124
31563,-26092,-31487,18166,-5866,-1275,-15372,29373,-19726,1236,27,1,38892,2020-11-02 15:30:43,2020-11-02 15:31:13,4,DF:DC:EF:28:D6:3E,27,27,20842.76385616228,8488.147139849967,-38675.02736868472
31564,-32751,-22525,-10516,-23274,-22779,-28431,-22081,17649,10710,27,1,38918,2020-11-02 15:30:43,2020-11-02 15:31:13,4,DF:DC:EF:28:D6:3E,27,27,1038.825472473114,40143.64595331988,-8831.671031704314
31565,9994,2057,-16157,9234,-28158,16877,-15168,-10513,12505,27,1,38943,2020-11-02 15:30:43,2020-11-02 15:31:13,4,DF:DC:EF:28:D6:3E,27,27,13589.722036012012,7666.604691386632,11031.888391836555
31566,-26880,9734,6364,16137,-7684,-6930,12736,-7954,-3620,27,1,38969,2020-11-02 15:30:43,2020-11-02 15:31:13,4,DF:DC:EF:28:D6:3E,27,27,-19742.75397733797,-9837.542131268525,-19267.38389625905
31567,-31993,-18179,-13852,-1030,-2822,14317,4029,-3090,9953,27,1,38994,2020-11-02 15:30:43,2020-11-02 15:31:13,4,DF:DC:EF:28:D6:3E,27,27,-1988.790638816643,-36743.336835335955,-13852.0
31568,-24055,3057,8415,-7178,26875,30706,13894,-29457,-28956,27,1,39020,2020-11-02 15:30:43,2020-11-02 15:31:13,4,DF:DC:EF:28:D6:3E,27,27,6425.342582733052,-9738.632401573252,22862.07581654704
31569,2320,-11029,13796,21747,27899,8696,22083,31984,26086,27,1,39046,2020-11-02 15:30:43,2020-11-02 15:31:13,4,DF:DC:EF:28:D6:3E,27,27,-3176.602411821524,-17403.667507150272,-2091.0311852699397
31570,-31221,-12817,31481,-22793,-24060,1024,30273,-29968,-1562,27,1,39071,2020-11-02 15:30:43,2020-11-02 15:31:13,4,DF:DC:EF:28:D6:3E,27,27,11492.637097693183,26552.19685958809,35958.02866496447
31571,23310,17911,7677,-10500,-12533,-13307,10305,-18194,30182,27,1,39097,2020-11-02 15:30:43,2020-11-02 15:31:13,4,DF:DC:EF:28:D6:3E,27,27,-4230.132684254065,25642.327877200107,-15737.64113556322
31572,-15103,-8453,13056,12038,-26867,-31232,15169,-18452,-21274,27,1,39122,2020-11-02 15:30:43,2020-11-02 15:31:13,4,DF:DC:EF:28:D6:3E,27,27,-17814.05270370795,5899.215149843705,10856.87528183731
31573,-2802,-4108,3825,-14831,25878,6162,-30908,-11287,9445,27,1,39148,2020-11-02 15:30:43,2020-11-02 15:31:13,4,DF:DC:EF:28:D6:3E,27,27,4546.676190086557,-1864.2776576276767,-3899.9612097776367
31574,12560,-24821,-14608,23561,4869,-11780,-6470,-11544,-30749,27,1,39174,2020-11-02 15:30:43,2020-11-02 15:31:13,4,DF:DC:EF:28:D6:3E,27,27,19813.19905971903,-23632.66761123668,6013.607037107908
31575,21508,-13307,-5918,-30709,-12286,-29456,-839,7400,-15642,27,1,39199,2020-11-02 15:30:43,2020-11-02 15:31:13,4,DF:DC:EF:28:D6:3E,27,27,-14863.650629707143,-500.9752628625647,-21295.86698737589
31576,4334,22012,-6424,28168,-11778,-27150,-28349,29160,-9493,27,1,39225,2020-11-02 15:30:43,2020-11-02 15:31:13,4,DF:DC:EF:28:D6:3E,27,27,-18158.44962860945,10648.67626232752,10072.530811340097
31577,7153,-6661,-23574,-7935,-29955,-11779,-9406,8169,-26387,27,1,39250,2020-11-02 15:30:43,2020-11-02 15:31:13,4,DF:DC:EF:28:D6:3E,27,27,19132.858983686303,13701.648647909422,-9872.504111906783
31578,-21513,32760,-3600,28925,12035,-15610,-30141,10217,-28948,27,1,39276,2020-11-02 15:30:43,2020-11-02 15:31:13,4,DF:DC:EF:28:D6:3E,27,27,-8263.895267924072,16993.632059220232,34524.0680313984
31579,13048,23798,-10510,-27396,-1277,-20469,-26043,-28696,-26391,27,1,39302,2020-11-02 15:30:43,2020-11-02 15:31:13,4,DF:DC:EF:28:D6:3E,27,27,-12261.276466176922,25825.665163817597,-5454.477634600228
31580,22777,-14348,11759,-4354,11266,15632,-22084,20200,2021,27,1,39327,2020-11-02 15:30:43,2020-11-02 15:31:13,4,DF:DC:EF:28:D6:3E,27,27,-23906.144153158653,15863.84251599917,6306.003992702136
31581,28156,25844,-21782,15872,29695,32277,-20031,6121,14559,27,1,39353,2020-11-02 15:30:43,2020-11-02 15:31:13,4,DF:DC:EF:28:D6:3E,27,27,13454.973504065627,39468.446879775096,-14011.90868166302
31582,11776,24307,-21019,-30465,28925,13594,32198,10987,31449,27,1,39378,2020-11-02 15:30:43,2020-11-02 15:31:13,4,DF:DC:EF:28:D6:3E,27,27,-17897.898501281372,13756.069547562962,-25724.279695269237
31583,3331,1268,15588,507,23550,25885,-16951,15086,-27692,27,1,39404,2020-11-02 15:30:43,2020-11-02 15:31:13,4,DF:DC:EF:28:D6:3E,27,27,-4880.7838273035795,-15226.439000361215,150.4446722578896
31584,23043,-15631,12771,31220,-23551,-2787,17355,28401,9936,27,1,39430,2020-11-02 15:30:43,2020-11-02 15:31:13,4,DF:DC:EF:28:D6:3E,27,27,-13571.048354360551,4169.306040976634,27144.98083809019
31585,-24318,3049,9437,-26641,-17407,-13027,12747,-27660,7116,27,1,39455,2020-11-02 15:30:43,2020-11-02 15:31:13,4,DF:DC:EF:28:D6:3E,27,27,16404.4798467945,7318.166603053957,19158.704876010248
31586,2308,19936,22226,-32533,19457,-8931,-4663,-23305,18632,27,1,39481,2020-11-02 15:30:43,2020-11-02 15:31:13,4,DF:DC:EF:28:D6:3E,27,27,-17972.21554392956,-17575.649166368803,-16274.583276485337
31587,-31223,-6441,-20022,24293,32000,28188,23239,28666,-29756,27,1,39507,2020-11-02 15:30:43,2020-11-02 15:31:13,4,DF:DC:EF:28:D6:3E,27,27,3094.9677825000394,-28113.515554109767,-24845.404235272865
31588,-31730,20691,-10806,993,-14082,-16873,-25149,30204,4801,27,1,39532,2020-11-02 15:30:43,2020-11-02 15:31:13,4,DF:DC:EF:28:D6:3E,27,27,-30789.5406811132,-5346.532394991522,-23981.217504442535
31589,-31211,26583,15315,-21791,5368,18702,21439,5630,-24386,27,1,39558,2020-11-02 15:30:43,2020-11-02 15:31:13,4,DF:DC:EF:28:D6:3E,27,27,41953.2616276677,-5005.953582527995,-11410.34191118037
30667,-27408,31997,13276,-24843,24310,-30756,5939,-13837,-13822,27,-1,15949,2020-11-02 15:30:43,2020-11-02 15:31:13,4,DF:DC:EF:28:D6:3E,27,27,13717.991857277473,15275.979659561051,-39111.63246202268
30668,-14900,28655,28120,-29718,20208,-30968,-3024,14071,-15103,27,-1,15974,2020-11-02 15:30:43,2020-11-02 15:31:13,4,DF:DC:EF:28:D6:3E,27,27,12834.919657094344,-40813.09550064482,1846.4826159970125
30669,27901,-781,724,17888,1006,28958,-3538,-27659,-2052,27,-1,16000,2020-11-02 15:30:43,2020-11-02 15:31:13,4,DF:DC:EF:28:D6:3E,27,27,-17689.385659112693,-781.0,-21588.78440309176
30670,-13791,6647,18656,-12836,18931,-22510,11820,12019,19960,27,-1,16025,2020-11-02 15:30:43,2020-11-02 15:31:13,4,DF:DC:EF:28:D6:3E,27,27,-1349.4304188189908,20121.781243164798,13255.700024781303
30671,16393,-11792,-2838,-28441,-27151,28160,13353,-2574,-19211,27,-1,16051,2020-11-02 15:30:43,2020-11-02 15:31:13,4,DF:DC:EF:28:D6:3E,27,27,-15172.270068930024,-9726.235806204537,-9541.410535007648
30672,-8448,-7964,10992,29935,24306,9482,5928,-24334,-11790,27,-1,16077,2020-11-02 15:30:43,2020-11-02 15:31:13,4,DF:DC:EF:28:D6:3E,27,27,-14380.998961533624,1143.3735312872889,6891.852424154228
30673,-11013,-32538,26363,-6413,24309,15638,29991,28144,14320,27,-1,16128,2020-11-02 15:30:43,2020-11-02 15:31:13,4,DF:DC:EF:28:D6:3E,27,27,-5408.36946769321,-26751.384473842383,-33617.381671296
30674,-7652,9948,-29199,29177,13559,-5073,-30167,-5142,-9493,27,-1,16130,2020-11-02 15:30:43,2020-11-02 15:31:13,4,DF:DC:EF:28:D6:3E,27,27,21801.00582186749,23091.86420757666,1256.7265310081586
30675,-27060,-22560,5614,-25865,17916,2347,22320,17892,-3870,27,-1,16153,2020-11-02 15:30:43,2020-11-02 15:31:13,4,DF:DC:EF:28:D6:3E,27,27,25555.598487979794,21541.98299805796,12472.712232411468
30676,16460,19691,16895,12550,25835,5385,9533,10467,32213,27,-1,16179,2020-11-02 15:30:43,2020-11-02 15:31:13,4,DF:DC:EF:28:D6:3E,27,27,5226.006530117549,-30278.636155650438,33.975004142290345
30677,9019,12010,6398,14098,-14362,30954,19263,2279,2262,27,-1,16207,2020-11-02 15:30:43,2020-11-02 15:31:13,4,DF:DC:EF:28:D6:3E,27,27,9019.0,-12792.695695738379,-4639.1206964506455
30678,-11470,-17449,31224,18722,-8471,4586,-20928,27371,-31271,27,-1,16230,2020-11-02 15:30:43,2020-11-02 15:31:13,4,DF:DC:EF:28:D6:3E,27,27,-12556.110010207449,33985.32485029973,9915.062946404714
30679,-9705,-6433,-2567,-20689,21481,-2579,24644,27887,14045,27,-1,16256,2020-11-02 15:30:43,2020-11-02 15:31:13,4,DF:DC:EF:28:D6:3E,27,27,-2635.1320668389976,321.8609115804332,-11623.789723834198
31044,-15634,-18944,-21545,6649,-15361,30185,10052,31977,20971,27,1,25602,2020-11-02 15:30:43,2020-11-02 15:31:13,4,DF:DC:EF:28:D6:3E,27,27,-22907.626707305484,-4708.4003522846615,-22815.690253887784
31045,3561,-29440,12757,20974,-15364,6647,-9922,-13846,10223,27,1,25628,2020-11-02 15:30:43,2020-11-02 15:31:13,4,DF:DC:EF:28:D6:3E,27,27,-12005.84618704377,-28270.147249297985,-9939.507122390749
31046,-9989,-19202,-13350,25315,22524,3069,-15302,-11541,-29713,27,1,25653,2020-11-02 15:30:43,2020-11-02 15:31:13,4,DF:DC:EF:28:D6:3E,27,27,-779.5355669708714,-17259.208036070675,-18660.961584748547
31047,13309,8442,-25123,32739,-17416,24824,12598,7405,-16913,27,1,25679,2020-11-02 15:30:43,2020-11-02 15:31:13,4,DF:DC:EF:28:D6:3E,27,27,8236.234783108113,-28456.255160446817,-1402.837425029604
31048,16902,12536,24797,-10271,5368,-4868,27698,-16658,-4370,27,1,25704,2020-11-02 15:30:43,2020-11-02 15:31:13,4,DF:DC:EF:28:D6:3E,27,27,16331.299097799778,10572.355045004455,26062.119782945
31049,-13306,-2571,-24104,-3617,-10766,-30718,-5330,-23057,10989,27,1,25730,2020-11-02 15:30:43,2020-11-02 15:31:13,4,DF:DC:EF:28:D6:3E,27,27,-2993.5395591656024,-9420.6088436622,25825.439839863793
31050,28419,2276,-6668,-6175,-29449,14085,-29397,-17169,16619,27,1,25781,2020-11-02 15:30:43,2020-11-02 15:31:13,4,DF:DC:EF:28:D6:3E,27,27,-1369.5157962032108,-13923.991483777612,25720.20312213025
31051,14346,-30505,-13813,-23829,29695,-6902,-25304,19182,-4375,27,1,25783,2020-11-02 15:30:43,2020-11-02 15:31:13,4,DF:DC:EF:28:D6:3E,27,27,-16186.224157823022,30393.11152213289,11892.292862013574
31052,-5886,3799,28403,5892,-26896,16658,-11991,14060,16359,27,1,25807,2020-11-02 15:30:43,2020-11-02 15:31:13,4,DF:DC:EF:28:D6:3E,27,27,-17286.2090732023,-20491.631326596955,11708.451112438788
31053,5691,-7718,-22048,16395,-8731,-29406,4659,-5655,-10019,27,1,25833,2020-11-02 15:30:43,2020-11-02 15:31:13,4,DF:DC:EF:28:D6:3E,27,27,-3419.6126380517608,-8958.864571232041,-22048.0
30705,27656,-32028,-22277,-6931,-15106,-8462,8766,-5125,13249,27,-1,16922,2020-11-02 15:30:43,2020-11-02 15:31:13,4,DF:DC:EF:28:D6:3E,27,27,-12818.933409059737,24548.008996170272,-38986.947169251864
30706,14084,-17177,-1796,2290,24069,3829,-28869,13564,3011,27,-1,16947,2020-11-02 15:30:43,2020-11-02 15:31:13,4,DF:DC:EF:28:D6:3E,27,27,-21301.700312822064,-3150.23736240684,-5739.997329547497
30707,5635,-5142,25344,26871,-32249,31735,-16071,-3333,-10044,27,-1,16973,2020-11-02 15:30:43,2020-11-02 15:31:13,4,DF:DC:EF:28:D6:3E,27,27,24237.101591668066,8865.857542600565,-5871.218056713123
30708,17925,20718,32002,24828,-19961,17144,-20424,-25349,32710,27,-1,16998,2020-11-02 15:30:43,2020-11-02 15:31:13,4,DF:DC:EF:28:D6:3E,27,27,-26090.071463581357,31811.997756246154,9053.956195045768
30709,17158,-10512,-2558,24833,-18680,1783,19512,17659,19144,27,-1,17024,2020-11-02 15:30:43,2020-11-02 15:31:13,4,DF:DC:EF:28:D6:3E,27,27,15150.204763632404,-13036.243373107258,-3459.787036383465
30710,18181,14067,-15360,-26618,266,28405,-26056,-4358,26314,27,-1,17050,2020-11-02 15:30:43,2020-11-02 15:31:13,4,DF:DC:EF:28:D6:3E,27,27,-10045.105638896735,-15347.571989053897,20685.906717961705
30711,14083,-21260,9466,9227,-14325,-27406,-31943,-30470,-4660,27,-1,17075,2020-11-02 15:30:43,2020-11-02 15:31:13,4,DF:DC:EF:28:D6:3E,27,27,-12979.663878364687,-15107.835246909455,-18525.80051595383
30712,-23556,-8971,27889,-1522,-1011,-11280,-7366,-775,-1585,27,-1,17101,2020-11-02 15:30:43,2020-11-02 15:31:13,4,DF:DC:EF:28:D6:3E,27,27,-23556.0,18620.732309364343,22617.327213068187
30713,14839,-15111,18918,-10992,-30706,-26636,-21444,-2056,-6702,27,-1,17127,2020-11-02 15:30:43,2020-11-02 15:31:13,4,DF:DC:EF:28:D6:3E,27,27,22852.2459613073,-2961.336585370991,-16596.213608894574
30714,-32007,767,25827,11536,-15607,-19464,-24770,-6665,-7468,27,-1,17152,2020-11-02 15:30:43,2020-11-02 15:31:13,4,DF:DC:EF:28:D6:3E,27,27,-18801.587450291798,-7822.088393609139,-35740.530347374464
30715,7676,-15870,-20251,31247,-1533,-25609,-30912,27383,24534,27,-1,17178,2020-11-02 15:30:43,2020-11-02 15:31:13,4,DF:DC:EF:28:D6:3E,27,27,4199.392928801277,-17959.856381824997,19511.266867473103
30716,7676,22020,2537,-26866,-13569,-28940,13122,-22025,3544,27,-1,17203,2020-11-02 15:30:43,2020-11-02 15:31:13,4,DF:DC:EF:28:D6:3E,27,27,-10275.800631381742,-11470.440912624828,-17693.915667654714
30717,-3850,-9726,15851,12557,-29950,10742,-22461,-8713,-8231,27,-1,17231,2020-11-02 15:30:43,2020-11-02 15:31:13,4,DF:DC:EF:28:D6:3E,27,27,15371.10320749347,-1978.1094255801536,-10976.7047097485
30718,17396,23041,30700,9740,-27643,-7172,10821,23287,-5158,27,-1,17255,2020-11-02 15:30:43,2020-11-02 15:31:13,4,DF:DC:EF:28:D6:3E,27,27,-38597.218685618136,-13384.053804094614,-10349.894226689985
30719,-5642,30976,11246,-16884,26630,32260,-31046,-28682,-20774,27,-1,17280,2020-11-02 15:30:43,2020-11-02 15:31:13,4,DF:DC:EF:28:D6:3E,27,27,-29924.367340366927,-2248.0821137015955,14740.950515107097
30720,28925,-29442,-13330,27917,-15352,14603,13757,-25611,6873,27,-1,17306,2020-11-02 15:30:43,2020-11-02 15:31:13,4,DF:DC:EF:28:D6:3E,27,27,-39403.244241416716,-16256.745121845395,-8017.385502432559
30721,-22269,-31237,-7443,-7155,20491,-5873,-24640,-24076,19414,27,-1,17331,2020-11-02 15:30:43,2020-11-02 15:31:13,4,DF:DC:EF:28:D6:3E,27,27,-4019.7042769800933,-25741.090104254403,29125.504918718296
30722,2822,-15113,-26644,6926,8460,-21998,-26940,1780,-24366,27,-1,17357,2020-11-02 15:30:43,2020-11-02 15:31:13,4,DF:DC:EF:28:D6:3E,27,27,-24581.019339085047,-17501.56291428293,5978.124522701359
30723,-25338,-14862,-22805,-16114,-21493,4886,-6200,18164,29390,27,-1,17383,2020-11-02 15:30:43,2020-11-02 15:31:13,4,DF:DC:EF:28:D6:3E,27,27,-18978.76527601018,-31800.220171489033,3393.195933472187
30724,12555,-15891,19945,-10482,-17651,13083,23501,-22795,-10295,27,-1,17408,2020-11-02 15:30:43,2020-11-02 15:31:13,4,DF:DC:EF:28:D6:3E,27,27,14803.367242167977,24106.63881101213,2772.221947988983
30644,-29212,-23814,-22302,31207,-15111,17658,2868,-10508,259,27,1,15360,2020-11-02 15:30:43,2020-11-02 15:31:13,4,DF:DC:EF:28:D6:3E,27,27,2983.17494416561,-23814.0,-36630.872433679535
30645,3054,-25096,13279,9448,-19981,17409,4145,1782,-13311,27,1,15385,2020-11-02 15:30:43,2020-11-02 15:31:13,4,DF:DC:EF:28:D6:3E,27,27,-24090.64066243228,7666.626668461454,13279.0
30646,-13314,7674,10204,4325,-9745,-2042,-31698,-14090,511,27,1,15411,2020-11-02 15:30:43,2020-11-02 15:31:13,4,DF:DC:EF:28:D6:3E,27,27,-3782.696523124334,-7608.039687417868,-16373.253406962764
30647,5120,10229,-10533,2531,-13845,5896,-20949,1015,-19461,27,1,15436,2020-11-02 15:30:43,2020-11-02 15:31:13,4,DF:DC:EF:28:D6:3E,27,27,-6707.595333488534,10774.298211071418,8984.07440424811
30648,-504,-30479,-11810,-7964,18667,2828,11817,29430,-12553,27,1,15462,2020-11-02 15:30:43,2020-11-02 15:31:13,4,DF:DC:EF:28:D6:3E,27,27,12259.223572923309,-29497.428585645805,-6950.733862248444
30649,-7924,24305,-7702,6891,-14612,17168,-28633,-6412,-12557,27,1,15488,2020-11-02 15:30:43,2020-11-02 15:31:13,4,DF:DC:EF:28:D6:3E,27,27,840.1041116891937,26004.81114561387,5990.628294467912
30650,22284,-16151,6139,-17172,-23563,-18157,9510,23026,-11024,27,1,15513,2020-11-02 15:30:43,2020-11-02 15:31:13,4,DF:DC:EF:28:D6:3E,27,27,-15358.895917000176,-1791.8628783497354,23579.91352053581
30651,17678,13030,-2817,-13323,1271,22811,29221,-13074,-31250,27,1,15539,2020-11-02 15:30:43,2020-11-02 15:31:13,4,DF:DC:EF:28:D6:3E,27,27,388.1620936493723,4819.277009841164,21606.75756080653
30652,-11975,10474,-1812,-32002,-4878,-8409,13864,20969,15850,27,1,15564,2020-11-02 15:30:43,2020-11-02 15:31:13,4,DF:DC:EF:28:D6:3E,27,27,-3071.90860990746,13226.950536714205,-8485.269706479117
30653,13388,-16142,11757,-18175,20719,-23537,-26577,2790,-1055,27,1,15590,2020-11-02 15:30:43,2020-11-02 15:31:13,4,DF:DC:EF:28:D6:3E,27,27,13388.0,1653.388390645112,-19901.193929754067
30654,-201,9699,30203,-6641,-22037,25093,-9673,4071,-25894,27,1,15616,2020-11-02 15:30:43,2020-11-02 15:31:13,4,DF:DC:EF:28:D6:3E,27,27,-23068.655604283515,-20189.784880958312,8157.323462483638
30655,-31189,-24101,29942,2586,-10263,31742,-13762,-22807,-20778,27,1,15641,2020-11-02 15:30:43,2020-11-02 15:31:13,4,DF:DC:EF:28:D6:3E,27,27,-23989.44935175528,-41051.957350249715,-13761.482605913025
30656,23581,-6940,-27407,5148,-23054,13052,29507,13036,20950,27,1,15667,2020-11-02 15:30:43,2020-11-02 15:31:13,4,DF:DC:EF:28:D6:3E,27,27,14709.249612561367,26438.66880689284,-20976.309912727607
30657,-14057,5108,31729,13085,-18441,18689,24763,-23827,11734,27,1,15692,2020-11-02 15:30:43,2020-11-02 15:31:13,4,DF:DC:EF:28:D6:3E,27,27,-14873.091833100609,-17180.740059917625,26721.40835206292
30658,-4054,-26623,-17407,22562,8436,-1039,14783,-15378,30679,27,1,15718,2020-11-02 15:30:43,2020-11-02 15:31:13,4,DF:DC:EF:28:D6:3E,27,27,30656.21159209209,-8777.22888107751,3373.371902126621
30659,24346,12032,-19983,-4571,14068,-17446,-29760,13295,-2851,27,1,15744,2020-11-02 15:30:43,2020-11-02 15:31:13,4,DF:DC:EF:28:D6:3E,27,27,-4794.521101467746,22575.207196087034,-24580.268844366226
30660,15872,-18684,-21530,20255,-10499,20187,13248,27630,6886,27,1,15769,2020-11-02 15:30:43,2020-11-02 15:31:13,4,DF:DC:EF:28:D6:3E,27,27,-25338.389821632754,11162.160870769798,17260.512910746114
30661,-27140,16136,-20776,12559,-20224,26335,25534,8429,14317,27,1,15795,2020-11-02 15:30:43,2020-11-02 15:31:13,4,DF:DC:EF:28:D6:3E,27,27,29510.856735291207,-1354.387284847293,23576.836976824554
30662,-13045,29947,30164,-5371,-18689,-11805,20666,-16148,13556,27,1,15821,2020-11-02 15:30:43,2020-11-02 15:31:13,4,DF:DC:EF:28:D6:3E,27,27,18869.056007591058,40241.7216082383,-1193.439310328822
30663,-24335,13551,32209,-1042,-31746,9958,15937,-3859,29690,27,1,15846,2020-11-02 15:30:43,2020-11-02 15:31:13,4,DF:DC:EF:28:D6:3E,27,27,-40395.04361405002,13428.01927824761,-1081.784027432097
30664,10209,-10253,-8984,27370,-4091,-9,-13765,16366,-19715,27,1,15872,2020-11-02 15:30:43,2020-11-02 15:31:13,4,DF:DC:EF:28:D6:3E,27,27,-8102.878489800119,2786.7850505626893,-14718.598277740131
30665,-16,29186,-15638,24816,5119,32508,-26824,24814,29438,27,1,15897,2020-11-02 15:30:43,2020-11-02 15:31:13,4,DF:DC:EF:28:D6:3E,27,27,-13878.042050569642,21383.273559292844,-21131.14896855039
30666,-3065,-2552,2282,5881,19709,23790,4150,-22033,-7169,27,1,15923,2020-11-02 15:30:43,2020-11-02 15:31:13,4,DF:DC:EF:28:D6:3E,27,27,-681.9767941095273,-3661.165784340158,-2691.695701945709
31142,-19962,-27135,11490,-5137,9983,23540,-22972,-7955,-8973,27,-1,28112,2020-11-02 15:30:43,2020-11-02 15:31:13,4,DF:DC:EF:28:D6:3E,27,27,14531.435394589895,-5898.220748829468,-31950.870823358437
31143,24304,-13062,31220,-15117,-18436,-23568,2112,-6162,6135,27,-1,28137,2020-11-02 15:30:43,2020-11-02 15:31:13,4,DF:DC:EF:28:D6:3E,27,27,3892.144813090979,-18113.698506964847,37319.34880397444
31144,-31767,-772,25569,14840,-21001,28140,1853,-25616,762,27,-1,28163,2020-11-02 15:30:43,2020-11-02 15:31:13,4,DF:DC:EF:28:D6:3E,27,27,40114.979906502784,-772.0,7328.331126585261
31145,-6680,-15878,-26909,-22803,-4872,-31748,14650,-23822,-262,27,-1,28188,2020-11-02 15:30:43,2020-11-02 15:31:13,4,DF:DC:EF:28:D6:3E,27,27,1914.5041550125952,31075.8639291478,7173.069071013498
31146,-10257,-12038,-12324,-26906,19697,26373,-14025,10228,25593,27,-1,28214,2020-11-02 15:30:43,2020-11-02 15:31:13,4,DF:DC:EF:28:D6:3E,27,27,-9908.64152092422,-1992.3375930470893,17316.174032538132
31147,-29701,-20740,-12831,15077,-29458,2310,6453,-31755,-24074,27,-1,28240,2020-11-02 15:30:43,2020-11-02 15:31:13,4,DF:DC:EF:28:D6:3E,27,27,21100.69776123156,-23805.181606828686,21563.9848973946
31148,-9462,-20995,987,-1819,13804,-6135,-13262,-22282,9459,27,-1,28265,2020-11-02 15:30:43,2020-11-02 15:31:13,4,DF:DC:EF:28:D6:3E,27,27,-4470.256014216786,10869.634645592376,-19828.300276087626
31149,28944,-6668,-31269,-32283,-7700,12813,30000,7927,20719,27,-1,28291,2020-11-02 15:30:43,2020-11-02 15:31:13,4,DF:DC:EF:28:D6:3E,27,27,-8921.25399623269,33469.98098141752,-25693.176550170912
31150,-4342,-31007,5124,31201,-11275,-238,-21459,-12811,-14869,27,-1,28316,2020-11-02 15:30:43,2020-11-02 15:31:13,4,DF:DC:EF:28:D6:3E,27,27,27554.24943067615,-15294.572970377285,-3658.1094797568953
31151,7193,-28201,23291,23538,18428,-16865,-3285,1010,-2584,27,-1,28342,2020-11-02 15:30:43,2020-11-02 15:31:13,4,DF:DC:EF:28:D6:3E,27,27,7193.0,-28201.0,23291.0
31152,12594,-3100,-8948,-501,24558,-19949,16942,-11538,-3100,27,-1,28368,2020-11-02 15:30:43,2020-11-02 15:31:13,4,DF:DC:EF:28:D6:3E,27,27,-6063.740011143785,9426.448568532343,11075.137220913723
31153,-12740,-18177,-23337,3355,-5649,13318,-9675,-16146,-4129,27,-1,28393,2020-11-02 15:30:43,2020-11-02 15:31:13,4,DF:DC:EF:28:D6:3E,27,27,2858.9893856523595,-29458.48338622705,-12702.37907937374
31154,-23485,6132,7431,-23532,-18436,27663,-10182,-8211,-9508,27,-1,28444,2020-11-02 15:30:43,2020-11-02 15:31:13,4,DF:DC:EF:28:D6:3E,27,27,1714.2372251775187,15035.330505528127,-20380.54556005189
31155,-11477,24312,4863,-28891,18681,-14855,9536,-29458,17372,27,-1,28446,2020-11-02 15:30:43,2020-11-02 15:31:13,4,DF:DC:EF:28:D6:3E,27,27,-19968.79333936956,-6288.694111850862,17554.009825026365
31156,21793,-21244,23799,-26329,-29181,-21518,-12476,-3602,14558,27,-1,28470,2020-11-02 15:30:43,2020-11-02 15:31:13,4,DF:DC:EF:28:D6:3E,27,27,-36785.37638049924,7131.750070708676,9413.23597249934
31157,12817,28424,6630,-19160,-12796,16875,-17477,26350,-5407,27,-1,28496,2020-11-02 15:30:43,2020-11-02 15:31:13,4,DF:DC:EF:28:D6:3E,27,27,-374.68093148890966,-27203.921069934142,16612.117794561047
31158,14353,14613,2513,-13798,22788,27627,-15171,13293,4838,27,-1,28521,2020-11-02 15:30:43,2020-11-02 15:31:13,4,DF:DC:EF:28:D6:3E,27,27,-19006.224996155528,-3796.089288850454,-7086.371744876759
31159,-31758,-26864,-31531,8204,4357,16616,4796,4332,-18197,27,-1,28547,2020-11-02 15:30:43,2020-11-02 15:31:13,4,DF:DC:EF:28:D6:3E,27,27,27649.13381051667,31076.847644639627,-31531.0
31160,2539,-27643,-15662,32509,17923,18161,-29371,-28949,24560,27,-1,28572,2020-11-02 15:30:43,2020-11-02 15:31:13,4,DF:DC:EF:28:D6:3E,27,27,24360.567338146495,17224.584761856342,-11214.127373329437
31161,-16906,-7166,10977,-17422,15874,5112,5698,-20501,-16142,27,-1,28598,2020-11-02 15:30:43,2020-11-02 15:31:13,4,DF:DC:EF:28:D6:3E,27,27,-12836.354824486378,-10828.063596769467,-13252.922491443203
31162,26615,-4092,-19479,-4110,-7685,5357,-4291,24812,-21259,27,-1,28624,2020-11-02 15:30:43,2020-11-02 15:31:13,4,DF:DC:EF:28:D6:3E,27,27,2050.936477274665,4425.718565795953,32874.622503422805
31163,14323,-19976,31477,-9994,-17157,-16658,-7623,-21522,-4616,27,-1,28675,2020-11-02 15:30:43,2020-11-02 15:31:13,4,DF:DC:EF:28:D6:3E,27,27,-18951.82189025324,15693.9033267762,-31456.641260788183
31164,-15894,15610,27360,-15629,-27406,-12047,-17097,32753,22522,27,-1,28677,2020-11-02 15:30:43,2020-11-02 15:31:13,4,DF:DC:EF:28:D6:3E,27,27,-22414.427131466193,-15373.047163752712,-22497.195675666495
31165,31724,-15879,-14629,-13335,-7695,-9729,-26315,-7693,30969,27,-1,28700,2020-11-02 15:30:43,2020-11-02 15:31:13,4,DF:DC:EF:28:D6:3E,27,27,26017.522907034923,-12332.851193733048,25368.32160816223
31679,-31492,-15371,7681,763,7419,8952,5942,-13328,5617,27,1,41888,2020-11-02 15:30:43,2020-11-02 15:31:13,4,DF:DC:EF:28:D6:3E,27,27,21092.736172806268,-14768.325377808631,-24980.08231130481
31680,-18177,-21780,13821,26879,-2559,27648,-26571,13297,23793,27,1,41890,2020-11-02 15:30:43,2020-11-02 15:31:13,4,DF:DC:EF:28:D6:3E,27,27,13080.069207293798,9366.630446163637,27147.187582094117
31681,25347,5878,-17169,-6648,30213,8201,-31178,-3345,10737,27,1,41914,2020-11-02 15:30:43,2020-11-02 15:31:13,4,DF:DC:EF:28:D6:3E,27,27,-1561.7833267173626,31125.06028793261,766.3608242517968
31682,-22256,-28670,19684,22545,7675,12043,12858,9967,6639,27,1,41939,2020-11-02 15:30:43,2020-11-02 15:31:13,4,DF:DC:EF:28:D6:3E,27,27,-17052.20354064084,-37602.31083906598,216.48549793779603
31683,-29421,19976,-11813,-8945,7164,32519,20030,12783,-3348,27,1,41965,2020-11-02 15:30:43,2020-11-02 15:31:13,4,DF:DC:EF:28:D6:3E,27,27,25440.81220072342,-18109.039456879284,20712.569867515514
31684,2831,16650,-7205,20751,-4618,-3835,-14783,-1041,19947,27,1,41990,2020-11-02 15:30:43,2020-11-02 15:31:13,4,DF:DC:EF:28:D6:3E,27,27,-900.3240860722709,13744.939055395507,-12141.464199325439
31685,13,-28150,-16675,-4851,12019,-11769,-5308,-17935,-15895,27,1,42016,2020-11-02 15:30:43,2020-11-02 15:31:13,4,DF:DC:EF:28:D6:3E,27,27,-26570.63360011737,9586.499014112656,16509.959440917202
31686,29714,25873,16350,-11001,25847,-22263,-11334,26099,2792,27,1,42042,2020-11-02 15:30:43,2020-11-02 15:31:13,4,DF:DC:EF:28:D6:3E,27,27,-9631.282635306421,27737.29216133549,30944.101915479176
31687,-10742,7696,-3353,-19454,-9992,17671,188,-25356,-14362,27,1,42067,2020-11-02 15:30:43,2020-11-02 15:31:13,4,DF:DC:EF:28:D6:3E,27,27,5132.0000996887875,-7279.8475173333545,10321.239465353456
31688,-29181,-13817,15850,27392,25080,14856,-25924,-5643,-19227,27,1,42118,2020-11-02 15:30:43,2020-11-02 15:31:13,4,DF:DC:EF:28:D6:3E,27,27,28470.701832928517,7052.287100423205,-20816.99146835789
31689,14335,12035,4073,-23809,10232,-27124,10173,22263,10212,27,1,42120,2020-11-02 15:30:43,2020-11-02 15:31:13,4,DF:DC:EF:28:D6:3E,27,27,-9315.477290499766,-8816.317953591066,-14227.339863494197
31690,-17414,3579,-18458,29950,-24842,18707,-13891,10745,-13855,27,1,42144,2020-11-02 15:30:43,2020-11-02 15:31:13,4,DF:DC:EF:28:D6:3E,27,27,-14250.501400987925,12772.552163458384,17045.219917976297
31691,1532,28911,-7963,20732,19191,7451,16062,20731,21982,27,1,42170,2020-11-02 15:30:43,2020-11-02 15:31:13,4,DF:DC:EF:28:D6:3E,27,27,-1958.171341583536,5118.041757394588,-29522.42414786709
31692,7680,-27670,31206,14588,20726,-3042,25278,-20739,4826,27,1,42195,2020-11-02 15:30:43,2020-11-02 15:31:13,4,DF:DC:EF:28:D6:3E,27,27,-7679.787784896982,41703.097657875354,546.1147467872506
31693,14848,17130,18659,1533,10997,28445,13502,14336,-8747,27,1,42221,2020-11-02 15:30:43,2020-11-02 15:31:13,4,DF:DC:EF:28:D6:3E,27,27,-19776.195096906024,-13796.131447689031,-16751.929726667197
31694,-5635,-23318,26593,10235,-15629,-24039,30397,-19710,7378,27,1,42246,2020-11-02 15:30:43,2020-11-02 15:31:13,4,DF:DC:EF:28:D6:3E,27,27,-15158.162611230084,11347.507327928386,-30399.57535384529
31695,26106,21739,-12830,-15879,19182,-6378,5820,32517,-13362,27,1,42272,2020-11-02 15:30:43,2020-11-02 15:31:13,4,DF:DC:EF:28:D6:3E,27,27,21948.936586893407,-6208.368718520555,28256.266518410164
31696,764,8941,-28700,-22790,745,-29932,18874,-6136,-27189,27,1,42298,2020-11-02 15:30:43,2020-11-02 15:31:13,4,DF:DC:EF:28:D6:3E,27,27,19685.5304768434,-15446.765765431861,16676.105487587676
31697,15100,-29455,-27160,-20740,19433,-4080,-4284,23564,27848,27,1,42323,2020-11-02 15:30:43,2020-11-02 15:31:13,4,DF:DC:EF:28:D6:3E,27,27,-29275.627743695582,11166.837155423253,29180.678421805416
31166,-28673,32507,2274,19682,3313,-3065,-11470,-11276,-12042,27,-1,28726,2020-11-02 15:30:43,2020-11-02 15:31:13,4,DF:DC:EF:28:D6:3E,27,27,-14655.563663591282,-4484.771472570663,-40609.33799683565
31167,-12023,10494,-22045,-26652,-1044,12549,7728,-21771,-25869,27,-1,28752,2020-11-02 15:30:43,2020-11-02 15:31:13,4,DF:DC:EF:28:D6:3E,27,27,-26394.146765006742,-6494.370921850252,1353.0531684712062
31168,-28678,23800,-5399,29413,12522,-2559,-19411,-19978,18160,27,-1,28777,2020-11-02 15:30:43,2020-11-02 15:31:13,4,DF:DC:EF:28:D6:3E,27,27,-24396.81364075,28047.290232574316,-6013.474851386317
31169,-3075,4068,-19729,24554,25069,-13548,-1749,5878,19180,27,-1,28803,2020-11-02 15:30:43,2020-11-02 15:31:13,4,DF:DC:EF:28:D6:3E,27,27,17505.96931736849,-6604.537462268971,-8072.100914188249
31170,23863,17638,4345,-3620,-23548,-10469,9513,12786,-28439,27,-1,28828,2020-11-02 15:30:43,2020-11-02 15:31:13,4,DF:DC:EF:28:D6:3E,27,27,-8170.863017193398,474.3699294573103,-28851.911699648048
31171,32294,-21032,-19957,-763,-1043,-5097,14888,-23314,25831,27,-1,28854,2020-11-02 15:30:43,2020-11-02 15:31:13,4,DF:DC:EF:28:D6:3E,27,27,39507.11209455545,4589.399951898114,-17368.212660770478
31172,-20692,-18443,28880,-31720,-23835,25870,31280,-30739,-25120,27,-1,28880,2020-11-02 15:30:43,2020-11-02 15:31:13,4,DF:DC:EF:28:D6:3E,27,27,-29382.77230959388,-344.5240733938117,27182.558885532013
31173,-12968,-3601,20476,-8938,21234,-27121,32568,29676,19930,27,-1,28905,2020-11-02 15:30:43,2020-11-02 15:31:13,4,DF:DC:EF:28:D6:3E,27,27,9807.04626695468,-20199.583769629637,-9808.234298359988
31174,17454,-24593,-10500,15652,-11020,-28934,17982,-12307,-3368,27,-1,28931,2020-11-02 15:30:43,2020-11-02 15:31:13,4,DF:DC:EF:28:D6:3E,27,27,-13559.726756757736,25828.645553523358,12989.328087030759
31175,9257,27382,12805,10795,-22536,-21260,-23997,3823,-4647,27,-1,28957,2020-11-02 15:30:43,2020-11-02 15:31:13,4,DF:DC:EF:28:D6:3E,27,27,9257.0,-27588.92557890544,12352.859361363136
31176,26931,20211,4073,24623,-20484,23026,22204,32495,-18724,27,-1,28982,2020-11-02 15:30:43,2020-11-02 15:31:13,4,DF:DC:EF:28:D6:3E,27,27,-11587.869074047461,19139.781391838733,25490.050403939145
31093,14655,-27672,7911,-253,-30998,27673,-22993,8683,-28704,27,1,26857,2020-11-02 15:30:43,2020-11-02 15:31:13,4,DF:DC:EF:28:D6:3E,27,27,-15590.502491694868,-10045.574289967939,-26440.78666078585
31094,-4787,-23571,-25092,-9463,23277,28432,20535,25578,-27176,27,1,26882,2020-11-02 15:30:43,2020-11-02 15:31:13,4,DF:DC:EF:28:D6:3E,27,27,-11742.342744217163,-27521.820019071885,-17685.663225198656
31095,-27332,14826,11019,4377,-18447,-30719,7229,22251,-15916,27,1,26908,2020-11-02 15:30:43,2020-11-02 15:31:13,4,DF:DC:EF:28:D6:3E,27,27,-13489.79835220992,-26444.012470627047,-14387.717187588709
31096,806,18930,16130,-24023,-30480,-8974,18242,-15379,21205,27,1,26934,2020-11-02 15:30:43,2020-11-02 15:31:13,4,DF:DC:EF:28:D6:3E,27,27,-8672.135394825178,22465.45866139252,6266.4719601291
31097,30233,-21246,12029,-14297,31482,-11532,16058,12271,-17705,27,1,26959,2020-11-02 15:30:43,2020-11-02 15:31:13,4,DF:DC:EF:28:D6:3E,27,27,34056.69790817772,6972.340260156408,-17368.11575524891
31098,-24290,12297,-4374,5672,-17155,29421,15806,20207,-10790,27,1,26985,2020-11-02 15:30:43,2020-11-02 15:31:13,4,DF:DC:EF:28:D6:3E,27,27,13024.610482833032,-22394.726771287213,-9443.93559962518
31099,1029,14096,19420,28959,18177,-29976,20160,31470,-24353,27,1,27010,2020-11-02 15:30:43,2020-11-02 15:31:13,4,DF:DC:EF:28:D6:3E,27,27,1640.6920899266752,23642.554486336176,-3902.589374591831
31100,14849,21006,-15653,6415,-27648,-16156,-12097,12525,-10780,27,1,27036,2020-11-02 15:30:43,2020-11-02 15:31:13,4,DF:DC:EF:28:D6:3E,27,27,-28855.17960258187,2417.1344674963184,-8264.219084026317
31101,15097,-28673,-12065,18438,-3589,27108,6588,-5908,-27157,27,1,27062,2020-11-02 15:30:43,2020-11-02 15:31:13,4,DF:DC:EF:28:D6:3E,27,27,-18146.71858182968,29179.849508252344,-3854.549310570939
31102,-3589,22271,-13350,8698,-30210,-28439,-19644,25837,-3344,27,1,27087,2020-11-02 15:30:43,2020-11-02 15:31:13,4,DF:DC:EF:28:D6:3E,27,27,-5277.735188515923,-23932.07499938775,-9300.653713776288
31103,9972,17147,11505,-524,30717,-2585,22847,-22034,-2059,27,1,27113,2020-11-02 15:30:43,2020-11-02 15:31:13,4,DF:DC:EF:28:D6:3E,27,27,-8606.347570113408,-18598.98703193661,10287.559520520736
31104,1763,-5901,-19738,31224,27640,-31257,31291,2545,13562,27,1,27139,2020-11-02 15:30:43,2020-11-02 15:31:13,4,DF:DC:EF:28:D6:3E,27,27,17998.894799970407,10176.18972557193,59.6879281140209
31105,7903,15347,-27423,-23312,-15116,-11527,5177,-27661,29179,27,1,27164,2020-11-02 15:30:43,2020-11-02 15:31:13,4,DF:DC:EF:28:D6:3E,27,27,7364.217377254713,29208.24000394808,11943.858894524275
31106,-8208,3064,-12832,2282,8433,11270,7223,11253,-25095,27,1,27190,2020-11-02 15:30:43,2020-11-02 15:31:13,4,DF:DC:EF:28:D6:3E,27,27,-4130.577906112761,-14269.565215830615,4553.835604486623
31107,-30468,20477,5858,-17433,-19476,-19193,-460,-29962,-29450,27,1,27215,2020-11-02 15:30:43,2020-11-02 15:31:13,4,DF:DC:EF:28:D6:3E,27,27,-20494.03886453144,2907.5734771067537,30878.19788288008
31108,14092,-19455,16862,-23321,-7701,29446,-11470,-5641,5363,27,1,27241,2020-11-02 15:30:43,2020-11-02 15:31:13,4,DF:DC:EF:28:D6:3E,27,27,14092.0,23428.709916159303,10673.31348103572
31109,3847,491,28644,31217,1514,22551,31025,32248,-22290,27,1,27267,2020-11-02 15:30:43,2020-11-02 15:31:13,4,DF:DC:EF:28:D6:3E,27,27,10082.054117034013,-26448.610053279208,5860.242062472801
31110,-26056,11014,-15150,-6688,-18694,-8938,-20433,-21770,31210,27,1,27292,2020-11-02 15:30:43,2020-11-02 15:31:13,4,DF:DC:EF:28:D6:3E,27,27,-5727.083353056475,-26615.836076529282,-16986.571702802936
31111,-3816,-30243,-16893,2804,504,-9956,-24020,-22541,16104,27,1,27318,2020-11-02 15:30:43,2020-11-02 15:31:13,4,DF:DC:EF:28:D6:3E,27,27,-31867.983763154538,-8591.517779448488,11188.913580716355
31112,28979,25079,22244,11530,-20242,-1520,29999,30705,-6173,27,1,27343,2020-11-02 15:30:43,2020-11-02 15:31:13,4,DF:DC:EF:28:D6:3E,27,27,37567.22771526133,-5862.378436706804,22756.76028907753
31113,12621,-18701,-14346,-5876,12790,22808,-2509,23791,8671,27,1,27369,2020-11-02 15:30:43,2020-11-02 15:31:13,4,DF:DC:EF:28:D6:3E,27,27,17145.161462806314,-7910.097833720891,18928.775678190734
31114,9786,30709,-23559,19738,-20234,16386,22329,25583,11996,27,1,27395,2020-11-02 15:30:43,2020-11-02 15:31:13,4,DF:DC:EF:28:D6:3E,27,27,35993.27029104668,-13580.674545940248,-10671.678904132525
31115,27184,18678,-21504,15905,-13575,-5892,28222,14320,-27685,27,1,27420,2020-11-02 15:30:43,2020-11-02 15:31:13,4,DF:DC:EF:28:D6:3E,27,27,28997.713261659464,10001.619301825398,-24685.21405489392
31116,-3293,18939,-27911,-12250,-11009,-22279,-18877,-29200,23772,27,1,27446,2020-11-02 15:30:43,2020-11-02 15:31:13,4,DF:DC:EF:28:D6:3E,27,27,-32204.145208221213,-2576.1882484847897,10237.664602641144
31117,22819,-12543,-16647,-9943,21249,8686,-21829,12784,-17698,27,1,27471,2020-11-02 15:30:43,2020-11-02 15:31:13,4,DF:DC:EF:28:D6:3E,27,27,-5607.178311289797,-10969.311582117924,-28344.134733659008
31118,-20716,-17657,14814,18474,31745,30939,28606,14831,30948,27,1,27523,2020-11-02 15:30:43,2020-11-02 15:31:13,4,DF:DC:EF:28:D6:3E,27,27,25212.637481653906,-5021.298584558219,17305.674582154086
31119,22761,6928,-569,23313,8711,27367,11966,-32531,13035,27,1,27525,2020-11-02 15:30:43,2020-11-02 15:31:13,4,DF:DC:EF:28:D6:3E,27,27,-3144.094829771403,12554.684854729152,-19971.945871643038
31509,17140,23048,-22552,-781,-27385,12020,17989,-25368,-2841,27,-1,37509,2020-11-02 15:30:43,2020-11-02 15:31:13,4,DF:DC:EF:28:D6:3E,27,27,8154.681856472396,-19634.80863988094,-29691.043455813007
31510,-3850,-27386,-19998,-11532,-16130,-18195,-13249,-3352,27116,27,-1,37535,2020-11-02 15:30:43,2020-11-02 15:31:13,4,DF:DC:EF:28:D6:3E,27,27,-2620.293725840813,7350.317041993131,33224.123768317884
31511,-2319,-14083,-5679,-20747,-26629,-21261,315,-22550,11504,27,-1,37560,2020-11-02 15:30:43,2020-11-02 15:31:13,4,DF:DC:EF:28:D6:3E,27,27,11516.740217743398,8676.883824339824,5294.910089503098
31512,-4105,-31247,-26892,30192,10239,-17671,11576,15852,241,27,-1,37586,2020-11-02 15:30:43,2020-11-02 15:31:13,4,DF:DC:EF:28:D6:3E,27,27,-13951.451994626223,37456.16660378478,10899.461848694966
31513,15125,31224,21777,-16150,21242,-4618,8245,-32274,-15888,27,-1,37612,2020-11-02 15:30:43,2020-11-02 15:31:13,4,DF:DC:EF:28:D6:3E,27,27,-18287.925591999818,-36465.131805300036,-3713.148254995152
31514,1778,-28171,-17960,-16662,18925,25844,15667,5618,15344,27,-1,37637,2020-11-02 15:30:43,2020-11-02 15:31:13,4,DF:DC:EF:28:D6:3E,27,27,-26249.570338395883,-10057.95836129473,-18141.820626719604
31515,-16123,7916,-20524,12768,-30479,-20726,-9936,2035,-28435,27,-1,37663,2020-11-02 15:30:43,2020-11-02 15:31:13,4,DF:DC:EF:28:D6:3E,27,27,20372.071159305666,-3708.927574027357,-17750.248841377008
31516,-14335,-18466,-23059,31456,2804,8722,9262,-3599,4586,27,-1,37690,2020-11-02 15:30:43,2020-11-02 15:31:13,4,DF:DC:EF:28:D6:3E,27,27,-14335.0,9426.257058524216,-27997.43407647605
31517,-6128,13268,30459,-31765,-25100,-1512,-13012,26351,-283,27,-1,37714,2020-11-02 15:30:43,2020-11-02 15:31:13,4,DF:DC:EF:28:D6:3E,27,27,22728.802735965663,22174.85409637595,11533.440986713307
31518,21793,10210,12794,2302,7397,-16106,1584,11245,-13345,27,-1,37740,2020-11-02 15:30:43,2020-11-02 15:31:13,4,DF:DC:EF:28:D6:3E,27,27,-96.26763368150387,-24744.95780632145,-11425.549470641508
31519,14427,-14104,-12821,-9204,-30493,-7653,5177,32748,-10539,27,-1,37765,2020-11-02 15:30:43,2020-11-02 15:31:13,4,DF:DC:EF:28:D6:3E,27,27,-3014.3012187021313,-21409.408879728388,10197.567630741074
31520,-28317,-9475,-6910,-1007,29926,30710,-31426,26351,-12079,27,-1,37791,2020-11-02 15:30:43,2020-11-02 15:31:13,4,DF:DC:EF:28:D6:3E,27,27,-7600.128183207113,-26070.712494686362,-14210.285557237234
31521,18720,-11522,10527,-3813,25329,-23062,-26048,-2830,14036,27,-1,37817,2020-11-02 15:30:43,2020-11-02 15:31:13,4,DF:DC:EF:28:D6:3E,27,27,-7394.198763279184,17203.31226545902,-15600.78474776919
31522,-217,-17401,7738,12026,-26376,-8690,-20158,24051,-29484,27,-1,37842,2020-11-02 15:30:43,2020-11-02 15:31:13,4,DF:DC:EF:28:D6:3E,27,27,-16408.775905629336,9109.682766055565,3237.9449008079787
31229,-17640,26078,-18444,-16137,-266,10271,31020,-11280,2791,27,1,30339,2020-11-02 15:30:43,2020-11-02 15:31:13,4,DF:DC:EF:28:D6:3E,27,27,15914.049751899993,-10289.056849376911,-31181.583501232617
31230,-26054,19435,-14581,-28916,23274,-27120,27696,28142,-17439,27,1,30365,2020-11-02 15:30:43,2020-11-02 15:31:13,4,DF:DC:EF:28:D6:3E,27,27,-24088.846328842534,20544.683760061624,-16333.375454708355
31231,2359,-6146,1738,-25066,-7440,-4857,-16073,-16146,-15396,27,1,30390,2020-11-02 15:30:43,2020-11-02 15:31:13,4,DF:DC:EF:28:D6:3E,27,27,6012.225285607758,3193.3526336133036,120.36225527004076
31232,-25276,27886,3083,10260,-20486,-31983,-29380,-18195,-6184,27,1,30416,2020-11-02 15:30:43,2020-11-02 15:31:13,4,DF:DC:EF:28:D6:3E,27,27,15582.943717189784,-15100.351677676856,-30905.684029274893
31233,29489,-18442,9734,8482,-24072,-16897,4930,31214,-26665,27,1,30442,2020-11-02 15:30:43,2020-11-02 15:31:13,4,DF:DC:EF:28:D6:3E,27,27,14590.498771714641,11320.961278566723,31038.885648840333
31234,29221,-25084,-32514,289,9219,28667,11706,30702,21720,27,1,30493,2020-11-02 15:30:43,2020-11-02 15:31:13,4,DF:DC:EF:28:D6:3E,27,27,-22659.31021089378,-37177.89970182064,25388.846518261707
31235,16670,-26101,31215,-24288,-13558,-3589,-21058,1517,473,27,1,30495,2020-11-02 15:30:43,2020-11-02 15:31:13,4,DF:DC:EF:28:D6:3E,27,27,16670.0,30244.855205356984,-27219.24245101231
31236,-24277,-16362,12514,20767,-30460,-11545,17345,10987,-20261,27,1,30521,2020-11-02 15:30:43,2020-11-02 15:31:13,4,DF:DC:EF:28:D6:3E,27,27,27266.313262689528,-10691.453861991762,12487.151171415471
31237,9705,-10744,-22840,29207,32005,14300,2238,10217,-11548,27,1,30544,2020-11-02 15:30:43,2020-11-02 15:31:13,4,DF:DC:EF:28:D6:3E,27,27,-3953.6050498811433,17179.025463162914,-20506.980573588942
31238,17635,12554,-28721,-13063,12808,-4108,10310,13288,5099,27,1,30570,2020-11-02 15:30:43,2020-11-02 15:31:13,4,DF:DC:EF:28:D6:3E,27,27,-11843.586940491072,30950.84330253622,-13973.787219106996
31239,-32252,-6907,19940,-19732,-4087,-25604,17218,10471,-22036,27,1,30595,2020-11-02 15:30:43,2020-11-02 15:31:13,4,DF:DC:EF:28:D6:3E,27,27,35076.06855842228,935.350386540562,15946.670095642496
31240,-9491,-25853,20712,-25620,-25349,-30225,-7109,-2329,30192,27,1,30621,2020-11-02 15:30:43,2020-11-02 15:31:13,4,DF:DC:EF:28:D6:3E,27,27,625.7471309169232,10082.653087596198,32945.290729379456
31241,4355,-4096,491,12795,251,-20494,-10953,27369,17395,27,1,30646,2020-11-02 15:30:43,2020-11-02 15:31:13,4,DF:DC:EF:28:D6:3E,27,27,5853.237089345309,983.7520278333608,869.5800846651243
31242,-17942,17408,3556,10226,-4105,-8462,10037,19180,-7692,27,1,30672,2020-11-02 15:30:43,2020-11-02 15:31:13,4,DF:DC:EF:28:D6:3E,27,27,16257.099124793112,-13449.073626306066,-13871.845970917126
31243,-9485,-25346,31712,-26391,14581,-24576,10291,-11795,-11533,27,1,30698,2020-11-02 15:30:43,2020-11-02 15:31:13,4,DF:DC:EF:28:D6:3E,27,27,-39946.2858358751,9746.980721065716,-6879.425829365257
31244,19969,-30210,996,4840,17649,2820,-28623,-12818,1777,27,1,30723,2020-11-02 15:30:43,2020-11-02 15:31:13,4,DF:DC:EF:28:D6:3E,27,27,13071.213003550733,18992.798500963014,27943.05052634059
31177,21521,9227,-26158,27179,9219,-32281,-21568,-26386,-21024,27,-1,29008,2020-11-02 15:30:43,2020-11-02 15:31:13,4,DF:DC:EF:28:D6:3E,27,27,-6310.342930713344,12056.214903350565,-32362.929229305304
31178,-28430,12810,1224,-9448,-9216,-10020,-19776,749,31463,27,-1,29033,2020-11-02 15:30:43,2020-11-02 15:31:13,4,DF:DC:EF:28:D6:3E,27,27,-20059.769677884797,23713.866145760607,-3019.498119085845
31179,2534,6406,-4659,-7172,-764,-20752,-26947,-9493,2541,27,-1,29059,2020-11-02 15:30:43,2020-11-02 15:31:13,4,DF:DC:EF:28:D6:3E,27,27,-5272.943060183316,-661.2982096126608,6397.11100122764
31180,-31490,-13567,-27165,-2067,5895,29691,-4423,4075,-10002,27,-1,29085,2020-11-02 15:30:43,2020-11-02 15:31:13,4,DF:DC:EF:28:D6:3E,27,27,-28430.356462676456,19167.63992788761,-27165.0
31181,1530,32513,16878,-30740,-27905,-24080,13633,8683,-20751,27,-1,29110,2020-11-02 15:30:43,2020-11-02 15:31:13,4,DF:DC:EF:28:D6:3E,27,27,-23670.718573670434,25795.035980993296,10891.104349208792
31182,19959,23039,25849,27639,-26113,-23310,31292,8940,501,27,-1,29136,2020-11-02 15:30:43,2020-11-02 15:31:13,4,DF:DC:EF:28:D6:3E,27,27,-1636.4473406497666,31322.526666654736,-24769.92867002211
31183,23284,-1788,32483,-18438,-5896,4335,-6343,-3603,-25609,27,-1,29161,2020-11-02 15:30:43,2020-11-02 15:31:13,4,DF:DC:EF:28:D6:3E,27,27,-35174.38357258214,386.47938106077714,19055.189922351303
31184,-18192,19458,26340,-11022,25078,18934,-28105,26352,-14600,27,-1,29187,2020-11-02 15:30:43,2020-11-02 15:31:13,4,DF:DC:EF:28:D6:3E,27,27,-35424.0744540755,1061.5376920034273,-12139.452821300149
31185,31732,5377,-23326,6636,14577,13566,-29387,31986,-8969,27,-1,29213,2020-11-02 15:30:43,2020-11-02 15:31:13,4,DF:DC:EF:28:D6:3E,27,27,25725.452207904313,4156.74257470693,30014.27708385545
31186,-23812,-20991,-8225,17637,-10514,-17660,25907,6644,23029,27,-1,29238,2020-11-02 15:30:43,2020-11-02 15:31:13,4,DF:DC:EF:28:D6:3E,27,27,2387.795519076798,-8703.279482788652,31525.155174932075
31187,25098,32000,20452,-28189,-9234,8710,-19664,-12,13810,27,-1,29264,2020-11-02 15:30:43,2020-11-02 15:31:13,4,DF:DC:EF:28:D6:3E,27,27,15737.468976615735,34803.90133771311,-24763.16679838806
31188,-21999,-16901,-17958,-20763,30703,-250,19246,31989,-8466,27,-1,29289,2020-11-02 15:30:43,2020-11-02 15:31:13,4,DF:DC:EF:28:D6:3E,27,27,4864.857260653042,28081.427554400416,-16728.901827090514
31189,-6149,8681,-13579,11240,-17684,788,-31956,-18956,-14358,27,-1,29315,2020-11-02 15:30:43,2020-11-02 15:31:13,4,DF:DC:EF:28:D6:3E,27,27,11808.672715129414,-11404.888915995778,-5295.560453885379
31190,-26336,-31263,20968,-793,-5131,32547,-11733,-5136,16358,27,-1,29341,2020-11-02 15:30:43,2020-11-02 15:31:13,4,DF:DC:EF:28:D6:3E,27,27,-18207.114839234448,-37295.644134159935,19701.598586130804
31191,19253,26586,-27384,31227,2798,12321,25133,30188,-15648,27,-1,29366,2020-11-02 15:30:43,2020-11-02 15:31:13,4,DF:DC:EF:28:D6:3E,27,27,-37805.104782099086,8953.484706190306,17832.162657135133
31245,-21228,32000,17636,-21016,19697,21248,9776,-12049,-19,27,1,30749,2020-11-02 15:30:43,2020-11-02 15:31:13,4,DF:DC:EF:28:D6:3E,27,27,-24315.23916838257,2449.4914997084106,-34473.54950650151
31246,21004,23284,19940,18411,11758,15619,-18642,5105,12011,27,1,30774,2020-11-02 15:30:43,2020-11-02 15:31:13,4,DF:DC:EF:28:D6:3E,27,27,9660.751455488622,27520.46846126962,-23026.288649878832
31247,32529,29158,-27138,-9242,-2825,5131,5165,-13840,15592,27,1,30800,2020-11-02 15:30:43,2020-11-02 15:31:13,4,DF:DC:EF:28:D6:3E,27,27,-31149.034101752724,-2004.7333534790268,40871.92884742895
31248,-6890,22236,-25602,1271,-22793,-17899,4652,17646,-16923,27,1,30826,2020-11-02 15:30:43,2020-11-02 15:31:13,4,DF:DC:EF:28:D6:3E,27,27,18884.099473696257,-12170.552545036675,26318.10475349709
31249,10040,-285,16108,-24823,-27158,-31464,-30927,14828,25055,27,1,30851,2020-11-02 15:30:43,2020-11-02 15:31:13,4,DF:DC:EF:28:D6:3E,27,27,-11573.340869576741,10354.973985737472,-10917.086785002895
31250,-18089,-7186,8705,-17139,-2064,29715,13625,32747,-1321,27,1,30877,2020-11-02 15:30:43,2020-11-02 15:31:13,4,DF:DC:EF:28:D6:3E,27,27,4608.407573300696,-4925.002933089793,-20227.072644043226
31251,24914,-13329,13593,12586,32752,23533,-20674,6125,-22826,27,1,30903,2020-11-02 15:30:43,2020-11-02 15:31:13,4,DF:DC:EF:28:D6:3E,27,27,-1550.1432892468783,-15487.602727160589,-27218.936488196054
31252,3626,-23287,19938,3595,-30210,5651,-701,-32275,24535,27,1,30928,2020-11-02 15:30:43,2020-11-02 15:31:13,4,DF:DC:EF:28:D6:3E,27,27,-30793.004219418697,-26.34835059030957,2178.5972338372644
31253,-17618,-19703,13068,4127,20478,-17162,-22086,-1044,-31786,27,1,30954,2020-11-02 15:30:43,2020-11-02 15:31:13,4,DF:DC:EF:28:D6:3E,27,27,-25470.572959568115,-10838.146331147269,-10156.734426771056
31254,-16865,9232,-17424,25629,21510,10995,10941,4844,-24103,27,1,30979,2020-11-02 15:30:43,2020-11-02 15:31:13,4,DF:DC:EF:28:D6:3E,27,27,-3847.364418914591,-25607.480590660438,-1645.7672456999662
31255,-27637,-1524,27113,25626,-28925,-30233,25277,-18966,-31522,27,1,31005,2020-11-02 15:30:43,2020-11-02 15:31:13,4,DF:DC:EF:28:D6:3E,27,27,-12207.204745586385,34581.81766855866,12502.925779108562
31542,-30949,23021,27894,14126,-20754,-6155,22973,500,-30773,27,-1,38354,2020-11-02 15:30:43,2020-11-02 15:31:13,4,DF:DC:EF:28:D6:3E,27,27,-14592.74940534339,-27957.983252828868,-35655.08540485342
31543,23095,6659,6643,-3546,-25606,-30218,-14910,-4108,11981,27,-1,38380,2020-11-02 15:30:43,2020-11-02 15:31:13,4,DF:DC:EF:28:D6:3E,27,27,-12583.714568626994,19639.69814870844,-8819.475000414881
31544,-23252,-6899,-5676,21796,-22273,25822,30406,15603,5841,27,-1,38406,2020-11-02 15:30:43,2020-11-02 15:31:13,4,DF:DC:EF:28:D6:3E,27,27,13914.053631323359,7974.115165764724,19059.939135993543
31545,-16394,-5885,-25650,6161,22528,-14123,6598,-17681,-6697,27,-1,38431,2020-11-02 15:30:43,2020-11-02 15:31:13,4,DF:DC:EF:28:D6:3E,27,27,25689.824538995268,-5947.023044662054,16309.04022503761
31546,-27905,29958,28876,-19712,11536,-25609,-10300,-11028,22235,27,-1,38457,2020-11-02 15:30:43,2020-11-02 15:31:13,4,DF:DC:EF:28:D6:3E,27,27,1209.924919574998,-41066.40948342569,-28671.942013553882
31547,11247,3575,9177,27136,-18682,-26390,21441,19690,32734,27,-1,38482,2020-11-02 15:30:43,2020-11-02 15:31:13,4,DF:DC:EF:28:D6:3E,27,27,-8137.618267515922,10466.95103368343,6907.609426615298
31548,-32288,15872,-13606,-16138,11003,8673,5051,29417,25317,27,-1,38508,2020-11-02 15:30:43,2020-11-02 15:31:13,4,DF:DC:EF:28:D6:3E,27,27,9470.446562710626,-13317.260555773897,-34821.25467573607
31549,-9772,-5894,-27940,-14,511,-6920,14914,12778,6890,27,-1,38533,2020-11-02 15:30:43,2020-11-02 15:31:13,4,DF:DC:EF:28:D6:3E,27,27,-18165.652253674783,23269.695746235167,6277.352792077686
31550,-22839,12023,-10026,9956,-2814,-21759,-18113,3562,13801,27,-1,38559,2020-11-02 15:30:43,2020-11-02 15:31:13,4,DF:DC:EF:28:D6:3E,27,27,21613.990625800143,-15225.388049588908,8228.978914012283
31551,-8722,-15624,2529,7656,-28676,-28418,24124,-2327,9704,27,-1,38585,2020-11-02 15:30:43,2020-11-02 15:31:13,4,DF:DC:EF:28:D6:3E,27,27,-14916.598993883548,-787.3440437706795,10171.217469526995
31552,-17165,12786,9693,2529,28410,10761,-16839,-31766,28390,27,-1,38610,2020-11-02 15:30:43,2020-11-02 15:31:13,4,DF:DC:EF:28:D6:3E,27,27,15641.714845941555,12766.470984829299,12017.78870141105
31553,17452,-21510,21987,11495,26862,9727,5176,-11542,1507,27,-1,38636,2020-11-02 15:30:43,2020-11-02 15:31:13,4,DF:DC:EF:28:D6:3E,27,27,-27255.317115036996,-21510.0,6719.238197799776
31554,-23276,4844,28378,-29196,14565,-3850,10295,-4626,-31007,27,-1,38661,2020-11-02 15:30:43,2020-11-02 15:31:13,4,DF:DC:EF:28:D6:3E,27,27,13786.164524600175,-28351.157934503324,19408.784286335518
31555,-8694,24295,26091,-25101,27627,28417,-458,4850,-5410,27,-1,38687,2020-11-02 15:30:43,2020-11-02 15:31:13,4,DF:DC:EF:28:D6:3E,27,27,-8694.0,24295.0,26091.0
31556,31771,-9760,1261,-10761,-17679,13841,-12489,-17422,4827,27,-1,38714,2020-11-02 15:30:43,2020-11-02 15:31:13,4,DF:DC:EF:28:D6:3E,27,27,-32631.401097815,5208.217179927295,-3782.895478364183
31557,3127,-31767,-6680,13567,-6673,-2537,18490,-27406,2262,27,-1,38738,2020-11-02 15:30:43,2020-11-02 15:31:13,4,DF:DC:EF:28:D6:3E,27,27,-431.8100550666668,32391.773293346265,-3758.9068874877776
31558,336,-23306,-12810,517,-4367,3610,6974,-26126,19408,27,-1,38764,2020-11-02 15:30:43,2020-11-02 15:31:13,4,DF:DC:EF:28:D6:3E,27,27,20352.26722607965,-1069.7756734964971,17088.57603098161
31559,-10421,-11778,6409,-27640,20473,-24826,9793,-17422,-2868,27,-1,38790,2020-11-02 15:30:43,2020-11-02 15:31:13,4,DF:DC:EF:28:D6:3E,27,27,11226.66036186429,-11756.66810014876,4912.90731668019
31560,5436,4094,8704,-7407,-5896,1274,-31933,3059,-1076,27,-1,38815,2020-11-02 15:30:43,2020-11-02 15:31:13,4,DF:DC:EF:28:D6:3E,27,27,5436.0,-7185.163899381509,6394.831642742812
31561,-29155,32253,4613,-8937,21501,-27409,11589,-8717,-28721,27,-1,38841,2020-11-02 15:30:43,2020-11-02 15:31:13,4,DF:DC:EF:28:D6:3E,27,27,5882.483115444519,-42218.23601496076,-9724.543340516291
31562,-8943,22526,-26628,-12777,14850,28403,-3142,-21261,6866,27,-1,38866,2020-11-02 15:30:43,2020-11-02 15:31:13,4,DF:DC:EF:28:D6:3E,27,27,-12141.089855243115,22782.847730195626,25099.483967397267
31033,13102,-22831,31472,-27123,5099,-16092,20783,6890,-31518,27,1,25320,2020-11-02 15:30:43,2020-11-02 15:31:13,4,DF:DC:EF:28:D6:3E,27,27,-23613.18255239625,-15800.710792666689,-29599.9813715096
31034,-30657,-1318,19178,-19947,-28186,-25828,-5828,5097,29654,27,1,25346,2020-11-02 15:30:43,2020-11-02 15:31:13,4,DF:DC:EF:28:D6:3E,27,27,6095.762281684389,33773.40433087259,11470.976379915992
31035,9527,16100,17383,-5613,-24594,-2279,-70,24299,-22579,27,1,25372,2020-11-02 15:30:43,2020-11-02 15:31:13,4,DF:DC:EF:28:D6:3E,27,27,21460.819639553265,-13203.583869959812,-4152.229688673535
31036,-31704,26356,-18689,-32233,-2065,-15355,25792,-12051,-14902,27,1,25397,2020-11-02 15:30:43,2020-11-02 15:31:13,4,DF:DC:EF:28:D6:3E,27,27,-36941.46626074228,-5333.374936079892,-25611.408694127596
31037,6427,-32767,-20738,-28897,-14099,-24067,-11581,14576,28364,27,1,25423,2020-11-02 15:30:43,2020-11-02 15:31:13,4,DF:DC:EF:28:D6:3E,27,27,-25041.290505957997,-21005.612321479217,-21834.49753935131
31038,12587,-16886,27895,-2022,-6155,-31754,-9530,30193,-20274,27,1,25448,2020-11-02 15:30:43,2020-11-02 15:31:13,4,DF:DC:EF:28:D6:3E,27,27,26287.3369055246,-10747.171544110066,20375.838932836985
31039,6171,-8177,8688,-17642,-29952,-4881,-10552,27888,23249,27,1,25474,2020-11-02 15:30:43,2020-11-02 15:31:13,4,DF:DC:EF:28:D6:3E,27,27,10551.561804221996,7791.402194325796,-2895.601722947865
31040,21515,-28671,-22812,-21488,-5374,18926,17097,27886,23508,27,1,25500,2020-11-02 15:30:43,2020-11-02 15:31:13,4,DF:DC:EF:28:D6:3E,27,27,25719.77233827813,-20208.94956425516,27118.268351362967
31041,-12773,-19184,-3613,768,1022,-21274,-26937,-21268,6872,27,1,25525,2020-11-02 15:30:43,2020-11-02 15:31:13,4,DF:DC:EF:28:D6:3E,27,27,-5093.333539330079,20336.6414127085,10232.698740217309
31042,15609,-4359,27644,21252,-31235,-11798,29123,-18198,-19747,27,1,25551,2020-11-02 15:30:43,2020-11-02 15:31:13,4,DF:DC:EF:28:D6:3E,27,27,20544.034427767503,-22599.00449261121,-9698.460876533023
31043,20994,-23281,14292,-9733,20223,5859,-17218,-22551,4324,27,1,25576,2020-11-02 15:30:43,2020-11-02 15:31:13,4,DF:DC:EF:28:D6:3E,27,27,-19250.83710174664,25064.902468546592,13717.51421082777
31336,-22034,28677,29661,23032,10498,4089,8251,26599,29937,27,-1,33079,2020-11-02 15:30:43,2020-11-02 15:31:13,4,DF:DC:EF:28:D6:3E,27,27,-13611.148678037976,12646.871533316884,-42923.602808759235
31337,10748,1039,-14132,-19980,13816,-11272,23096,9192,243,27,-1,33105,2020-11-02 15:30:43,2020-11-02 15:31:13,4,DF:DC:EF:28:D6:3E,27,27,12918.418477859446,-11374.268585768934,-4478.049482720079
31338,7684,3078,10739,16371,-16391,-6156,-7884,19178,8180,27,-1,33156,2020-11-02 15:30:43,2020-11-02 15:31:13,4,DF:DC:EF:28:D6:3E,27,27,-12868.617525409707,-238.68278463353641,-4264.47822283544
31339,-4111,30980,-11567,24042,25071,10742,2099,21741,-19469,27,-1,33158,2020-11-02 15:30:43,2020-11-02 15:31:13,4,DF:DC:EF:28:D6:3E,27,27,1958.7673593183474,-31013.95095407209,12031.387561311465
31340,21258,12796,-2610,-23845,-27665,25100,3377,-30738,7152,27,-1,33182,2020-11-02 15:30:43,2020-11-02 15:31:13,4,DF:DC:EF:28:D6:3E,27,27,-8861.655272480879,9881.827548854562,-21125.170534848014
31341,25911,23034,25559,-6955,6644,-7411,-25554,-8467,10475,27,-1,33207,2020-11-02 15:30:43,2020-11-02 15:31:13,4,DF:DC:EF:28:D6:3E,27,27,36180.04593141018,-7319.389936518721,22195.458214649185
31342,-14820,-22559,-2069,19163,-32266,25356,20779,2285,-32281,27,-1,33233,2020-11-02 15:30:43,2020-11-02 15:31:13,4,DF:DC:EF:28:D6:3E,27,27,-25899.744374666734,-7793.338958249242,-1135.2317863562225
31343,21788,13523,4867,-28694,-2059,25869,22313,29419,23780,27,-1,33258,2020-11-02 15:30:43,2020-11-02 15:31:13,4,DF:DC:EF:28:D6:3E,27,27,-16515.34348495454,2410.558904242465,20067.605670411875
31344,6475,28892,18940,29706,-28698,-30700,-24274,31465,30173,27,-1,33284,2020-11-02 15:30:43,2020-11-02 15:31:13,4,DF:DC:EF:28:D6:3E,27,27,-33913.57758445859,-2461.9353741993364,8899.720143699671
31345,9548,17399,11,-10216,12267,-7176,-10698,-15382,-29225,27,-1,33310,2020-11-02 15:30:43,2020-11-02 15:31:13,4,DF:DC:EF:28:D6:3E,27,27,-6375.744370200407,11619.877882622968,14772.201857502063
31013,-17858,-31263,-30740,4110,3308,6686,6707,5098,-27170,27,1,24808,2020-11-02 15:30:43,2020-11-02 15:31:13,4,DF:DC:EF:28:D6:3E,27,27,4880.202711472783,-19381.65732812013,-42915.80028043589
31014,-11189,22763,-20236,-12776,19690,-5884,317,18154,-7466,27,1,24834,2020-11-02 15:30:43,2020-11-02 15:31:13,4,DF:DC:EF:28:D6:3E,27,27,23596.403024069987,5380.8978378140255,21612.47993138847
31015,6961,-4372,-10504,20256,-10256,14075,23106,-13844,726,27,1,24860,2020-11-02 15:30:43,2020-11-02 15:31:13,4,DF:DC:EF:28:D6:3E,27,27,-12148.547642743652,-5091.723500298767,2095.486332213351
31016,4903,-1035,16645,31526,18678,31224,20154,24302,6871,27,1,24885,2020-11-02 15:30:43,2020-11-02 15:31:13,4,DF:DC:EF:28:D6:3E,27,27,6180.578621155793,7174.645076931462,14577.090756655633
31017,-28633,-17154,18415,-1240,-3845,30967,11711,7407,18137,27,1,24911,2020-11-02 15:30:43,2020-11-02 15:31:13,4,DF:DC:EF:28:D6:3E,27,27,36049.207192656315,4564.544566552962,11525.633331009984
31018,-2531,28421,-2590,8998,-12802,-21534,-14655,19694,-12579,27,1,24936,2020-11-02 15:30:43,2020-11-02 15:31:13,4,DF:DC:EF:28:D6:3E,27,27,-12484.353148913204,6801.443948437521,24874.657558838546
31019,-9731,-20471,-2101,23577,25857,-15390,-12863,-25876,25572,27,1,24962,2020-11-02 15:30:43,2020-11-02 15:31:13,4,DF:DC:EF:28:D6:3E,27,27,-8796.814124323566,-20295.40020556852,-5374.122696581357
31020,11776,21260,-22574,-11516,9988,-22803,27071,16107,-27159,27,1,24988,2020-11-02 15:30:43,2020-11-02 15:31:13,4,DF:DC:EF:28:D6:3E,27,27,27442.379086637247,15623.2870829458,-10152.6342783119
31021,-18412,-3840,-12333,5889,-1534,-11032,25787,24042,-18962,27,1,25013,2020-11-02 15:30:43,2020-11-02 15:31:13,4,DF:DC:EF:28:D6:3E,27,27,-4660.228206498918,6228.332284969851,-21103.08941864565
31022,-16404,7418,9182,-2060,-24064,-32287,25408,235,-18954,27,1,25039,2020-11-02 15:30:43,2020-11-02 15:31:13,4,DF:DC:EF:28:D6:3E,27,27,16536.221689678692,235.7185600672965,-11615.716636963896
31023,-21010,-8456,-31523,9463,9213,-23318,-12998,-26900,-4869,27,1,25064,2020-11-02 15:30:43,2020-11-02 15:31:13,4,DF:DC:EF:28:D6:3E,27,27,29480.00528927417,-25144.84513598333,2299.9165706135723
31024,7401,-17925,731,7149,-9479,8690,-11978,8943,18942,27,1,25090,2020-11-02 15:30:43,2020-11-02 15:31:13,4,DF:DC:EF:28:D6:3E,27,27,-18429.83166783393,-5579.143770863902,2414.383250301434
31025,-532,-29193,28636,1511,27125,-1545,22579,12017,30718,27,1,25116,2020-11-02 15:30:43,2020-11-02 15:31:13,4,DF:DC:EF:28:D6:3E,27,27,15526.533949508655,35150.85410699514,13995.6767633258
31026,-4362,24056,14561,21224,-1555,20732,-17104,19699,-19972,27,1,25141,2020-11-02 15:30:43,2020-11-02 15:31:13,4,DF:DC:EF:28:D6:3E,27,27,83.1454373195138,-3250.244883971753,28269.593135212763
31027,22018,-8197,-26657,9704,11243,-8705,-11218,10229,-17671,27,1,25167,2020-11-02 15:30:43,2020-11-02 15:31:13,4,DF:DC:EF:28:D6:3E,27,27,-9315.508885470452,25803.574715916075,-22582.63952873662
31028,-32763,21757,-14114,21989,27114,30470,-18900,13558,9206,27,1,25193,2020-11-02 15:30:43,2020-11-02 15:31:13,4,DF:DC:EF:28:D6:3E,27,27,32523.58567754607,7100.874983517378,25254.30979345461
31029,-518,-27160,-16921,32231,-13077,15380,-31446,-19979,2546,27,1,25218,2020-11-02 15:30:43,2020-11-02 15:31:13,4,DF:DC:EF:28:D6:3E,27,27,4865.554260326693,8521.69269439374,30462.45722790814
31030,4395,-21505,2027,24030,-31234,-13538,18472,-6159,22510,27,1,25244,2020-11-02 15:30:43,2020-11-02 15:31:13,4,DF:DC:EF:28:D6:3E,27,27,-9514.734108569844,-19859.765701740893,974.330598500262
31031,1288,-16939,-2286,-31250,-21249,-29680,18467,-17426,-18962,27,1,25269,2020-11-02 15:30:43,2020-11-02 15:31:13,4,DF:DC:EF:28:D6:3E,27,27,3656.5985394165473,-16743.625916263518,307.79749473554335
31032,-20971,-19230,24052,-12531,-15642,19724,-26842,-30740,-8726,27,1,25295,2020-11-02 15:30:43,2020-11-02 15:31:13,4,DF:DC:EF:28:D6:3E,27,27,-23639.750278764037,26390.998159510367,11521.799681577366
30828,-30951,29906,26583,12558,-8958,-21548,1991,-16126,-18985,27,-1,20071,2020-11-02 15:30:43,2020-11-02 15:31:13,4,DF:DC:EF:28:D6:3E,27,27,15399.026066699094,-28013.23183012581,-39206.09601361436
30829,26136,3021,-10031,-22520,15359,28619,-6968,-1283,-24867,27,-1,20097,2020-11-02 15:30:43,2020-11-02 15:31:13,4,DF:DC:EF:28:D6:3E,27,27,-11930.90796170526,24230.15018239248,-7961.856275267965
30830,32019,-24376,16593,-22782,13817,-28475,15816,1785,-7196,27,-1,20122,2020-11-02 15:30:43,2020-11-02 15:31:13,4,DF:DC:EF:28:D6:3E,27,27,13139.726407516333,-29614.301590246094,-29070.15853512955
30831,18190,11209,2001,-6404,-5900,30149,-17724,27381,-5651,27,-1,20148,2020-11-02 15:30:43,2020-11-02 15:31:13,4,DF:DC:EF:28:D6:3E,27,27,-9193.44973996159,-10814.444758266598,16095.031793979168
30832,1288,-8759,-17456,14839,-17932,-13112,6591,-269,-20489,27,-1,20174,2020-11-02 15:30:43,2020-11-02 15:31:13,4,DF:DC:EF:28:D6:3E,27,27,129.910045310771,-10038.335382532858,-16801.961407166615
30833,24570,10699,13272,-25357,-19472,20430,-15547,23285,-10496,27,-1,20199,2020-11-02 15:30:43,2020-11-02 15:31:13,4,DF:DC:EF:28:D6:3E,27,27,3967.6829153328526,7916.217176918368,28563.796717019926
30834,15595,-11820,28893,31217,5355,32223,-26815,3833,-3066,27,-1,20225,2020-11-02 15:30:43,2020-11-02 15:31:13,4,DF:DC:EF:28:D6:3E,27,27,15595.0,-14140.226898324077,-27831.13063215205
30835,-25871,-11810,-12074,30188,23019,-10256,-13762,12029,12553,27,-1,20251,2020-11-02 15:30:43,2020-11-02 15:31:13,4,DF:DC:EF:28:D6:3E,27,27,-4931.040045758946,25346.690376341783,16964.561533767515
30836,-15123,-24111,30681,-15905,26605,8189,-966,27904,7433,27,-1,20276,2020-11-02 15:30:43,2020-11-02 15:31:13,4,DF:DC:EF:28:D6:3E,27,27,13084.097210539794,-24247.743703174463,-31499.56406825828
30837,-782,23245,-1316,-1318,-14101,29452,-18635,20226,-25594,27,-1,20302,2020-11-02 15:30:43,2020-11-02 15:31:13,4,DF:DC:EF:28:D6:3E,27,27,17232.747395907052,15537.982716685416,2068.070425503891
30838,3,15830,18144,8672,-5655,-24047,22064,-27390,-31742,27,-1,20327,2020-11-02 15:30:43,2020-11-02 15:31:13,4,DF:DC:EF:28:D6:3E,27,27,14106.077073138935,-16588.051431801458,10278.559446857013
30839,-27383,733,-28188,30436,3560,7693,-14293,9474,22270,27,-1,20353,2020-11-02 15:30:43,2020-11-02 15:31:13,4,DF:DC:EF:28:D6:3E,27,27,9090.443706239621,24902.681681040096,29019.813926289717
30840,32259,21726,3055,-27925,25063,6668,4648,28161,20474,27,-1,20379,2020-11-02 15:30:43,2020-11-02 15:31:13,4,DF:DC:EF:28:D6:3E,27,27,20097.793117658824,-24810.49180786135,22416.810434400122
31590,31509,13534,29924,19175,3570,30467,23995,-513,-14147,27,1,39583,2020-11-02 15:30:43,2020-11-02 15:31:13,4,DF:DC:EF:28:D6:3E,27,27,-563.9342391243117,-34393.93935111541,-29802.196682220223
31591,32527,25319,-286,22762,-12820,-23043,-4540,28930,-8259,27,1,39609,2020-11-02 15:30:43,2020-11-02 15:31:13,4,DF:DC:EF:28:D6:3E,27,27,26438.579466445488,5685.1552660186735,31109.802496925426
31592,-19187,-25368,-21772,-18961,29682,21760,2370,-3580,-16195,27,1,39635,2020-11-02 15:30:43,2020-11-02 15:31:13,4,DF:DC:EF:28:D6:3E,27,27,-15082.447770883871,28003.502678032266,-21772.0
31593,-17916,238,-3357,-3849,-29453,8192,-30144,16902,22973,27,1,39660,2020-11-02 15:30:43,2020-11-02 15:31:13,4,DF:DC:EF:28:D6:3E,27,27,-1955.7076563950727,-7292.513339821343,16592.275484430862
31594,30463,13034,-5408,20726,31476,26633,-20930,13831,15292,27,1,39686,2020-11-02 15:30:43,2020-11-02 15:31:13,4,DF:DC:EF:28:D6:3E,27,27,16372.75875954176,-2933.9841098916577,-29162.484407964144
31595,8973,27631,-29960,-19984,5115,-16373,-27077,30983,9914,27,1,39711,2020-11-02 15:30:43,2020-11-02 15:31:13,4,DF:DC:EF:28:D6:3E,27,27,-23486.952240234743,-28040.99259957773,20091.14975543608
31596,-23792,3308,32250,28661,-29691,32530,-27847,-3067,2629,27,1,39738,2020-11-02 15:30:43,2020-11-02 15:31:13,4,DF:DC:EF:28:D6:3E,27,27,-23792.0,-26569.133571497514,-18576.504118372857
31597,15128,12016,17159,14589,2045,12545,15416,12805,-15805,27,1,39763,2020-11-02 15:30:43,2020-11-02 15:31:13,4,DF:DC:EF:28:D6:3E,27,27,-17546.885819980445,11168.454020948855,-15331.156310028304
31598,-31470,11503,-23036,5381,-5384,23542,-15560,25094,-957,27,1,39788,2020-11-02 15:30:43,2020-11-02 15:31:13,4,DF:DC:EF:28:D6:3E,27,27,21231.072628725364,-25733.512585158183,-23245.7542373504
31599,-27635,25068,1538,9481,1018,-8461,24378,8456,2373,27,1,39814,2020-11-02 15:30:43,2020-11-02 15:31:13,4,DF:DC:EF:28:D6:3E,27,27,-31741.176061066093,-15221.576050025433,12460.523978296294
31600,-32244,-15385,24579,-25076,9215,12535,-22468,16137,-17991,27,1,39839,2020-11-02 15:30:43,2020-11-02 15:31:13,4,DF:DC:EF:28:D6:3E,27,27,9305.020127107628,-17562.253029866904,38541.988414572654
31601,-3824,-27677,11518,8978,10757,6650,-17089,13065,443,27,1,39865,2020-11-02 15:30:43,2020-11-02 15:31:13,4,DF:DC:EF:28:D6:3E,27,27,20116.86717979901,21990.983757293463,-5001.191583690901
31602,13845,14557,1011,19479,24844,23291,-23229,-10489,13500,27,1,39891,2020-11-02 15:30:43,2020-11-02 15:31:13,4,DF:DC:EF:28:D6:3E,27,27,9861.191410561316,3156.2453952721644,17245.504166857372
31603,28949,-13868,-7450,-31973,12308,-23558,29883,4101,7869,27,1,39916,2020-11-02 15:30:43,2020-11-02 15:31:13,4,DF:DC:EF:28:D6:3E,27,27,24962.869696020167,18374.37561282541,11185.078559327369
31604,12307,-15922,21978,23840,1300,18681,26560,-29183,29629,27,1,39942,2020-11-02 15:30:43,2020-11-02 15:31:13,4,DF:DC:EF:28:D6:3E,27,27,26289.923271853066,6452.299469765161,-12458.434207898934
31605,28438,-10040,-27179,13607,21003,13041,6854,-19714,7870,27,1,39967,2020-11-02 15:30:43,2020-11-02 15:31:13,4,DF:DC:EF:28:D6:3E,27,27,-28127.55355601399,-11517.28463538507,26914.909819300672
31606,27676,1235,27077,-12515,250,-15393,11467,15868,3777,27,1,39993,2020-11-02 15:30:43,2020-11-02 15:31:13,4,DF:DC:EF:28:D6:3E,27,27,-20742.125495121818,-25134.9877692947,-20943.89528674222
31607,31511,8130,11985,-15076,-22802,-1079,-9011,4856,27847,27,1,40019,2020-11-02 15:30:43,2020-11-02 15:31:13,4,DF:DC:EF:28:D6:3E,27,27,-9640.214111024428,-33310.85150863853,-365.6359706585436
31608,-18425,-9785,-30764,7447,-13848,9670,-16179,18163,28880,27,1,40044,2020-11-02 15:30:43,2020-11-02 15:31:13,4,DF:DC:EF:28:D6:3E,27,27,-16877.028138930866,-27207.846770461983,-18882.519464118057
31609,13575,5332,-5677,-21492,18411,7878,-13111,20719,7131,27,1,40070,2020-11-02 15:30:43,2020-11-02 15:31:13,4,DF:DC:EF:28:D6:3E,27,27,-1239.8694359848332,-15591.809415572005,545.3264436929993
31610,-25100,8152,26837,-4607,2285,17352,-21311,-24595,-8217,27,1,40095,2020-11-02 15:30:43,2020-11-02 15:31:13,4,DF:DC:EF:28:D6:3E,27,27,-6074.019651465501,1532.3460827114611,37113.98488112546
30931,13601,-30224,-14340,7433,-24060,10750,8771,2060,-29496,27,-1,22709,2020-11-02 15:30:43,2020-11-02 15:31:13,4,DF:DC:EF:28:D6:3E,27,27,7946.3699854856995,11832.962855595462,-33180.55411098299
30932,-1244,-29977,-8710,-5107,1543,20721,-5051,779,21194,27,-1,22734,2020-11-02 15:30:43,2020-11-02 15:31:13,4,DF:DC:EF:28:D6:3E,27,27,5461.905147381593,29501.451780565083,-8710.0
30933,-25826,19418,-19215,-13038,18443,-32281,-26435,2569,-9011,27,-1,22760,2020-11-02 15:30:43,2020-11-02 15:31:13,4,DF:DC:EF:28:D6:3E,27,27,-12397.539934381512,22731.1231542084,27255.35302878365
30934,4380,24021,-31774,-4846,2571,226,1986,-3323,-16687,27,-1,22811,2020-11-02 15:30:43,2020-11-02 15:31:13,4,DF:DC:EF:28:D6:3E,27,27,20019.510345703216,-13978.985890195394,-31774.0
30935,16413,14289,-1832,21266,9735,14809,-11835,6146,-299,27,-1,22813,2020-11-02 15:30:43,2020-11-02 15:31:13,4,DF:DC:EF:28:D6:3E,27,27,-1423.6879753218334,-7612.155033366767,-20419.268407484957
30936,-17127,16333,26577,-10738,22785,28366,25544,31741,23771,27,-1,22837,2020-11-02 15:30:43,2020-11-02 15:31:13,4,DF:DC:EF:28:D6:3E,27,27,-8318.357655514234,-24069.587748754635,-24857.550533388207
30937,24852,-7224,-11313,27401,9722,-14394,-22072,-25096,21986,27,-1,22862,2020-11-02 15:30:43,2020-11-02 15:31:13,4,DF:DC:EF:28:D6:3E,27,27,6142.830395545268,-6487.01019577727,-26795.081310782523
30938,16906,1224,-32052,29955,-21004,26565,-1851,-24844,13291,27,-1,22888,2020-11-02 15:30:43,2020-11-02 15:31:13,4,DF:DC:EF:28:D6:3E,27,27,13580.137961460305,-32614.41229952998,8156.082350244655
30939,-19710,-822,1739,-26116,-30993,969,-18240,10739,19701,27,-1,22913,2020-11-02 15:30:43,2020-11-02 15:31:13,4,DF:DC:EF:28:D6:3E,27,27,11730.855191604122,-2742.081293274281,15717.885724698785
30940,-7439,-10802,-16174,-22795,-21528,-8497,-10822,757,-11010,27,-1,22939,2020-11-02 15:30:43,2020-11-02 15:31:13,4,DF:DC:EF:28:D6:3E,27,27,-20382.803722795343,-4247.176570562231,350.72008278360414
30941,25578,27605,-21804,-9234,-27671,-29213,14915,761,-24060,27,-1,22965,2020-11-02 15:30:43,2020-11-02 15:31:13,4,DF:DC:EF:28:D6:3E,27,27,-23029.560491677905,13907.02958641766,34174.82109159684
30942,-23315,11221,-21550,-8475,8170,25844,-14273,-6148,-31738,27,-1,22990,2020-11-02 15:30:43,2020-11-02 15:31:13,4,DF:DC:EF:28:D6:3E,27,27,19989.757484340607,-17966.01650058937,-20286.310971140094
30943,9708,-6200,-15393,31711,6894,1283,25915,-3329,-12027,27,-1,23016,2020-11-02 15:30:43,2020-11-02 15:31:13,4,DF:DC:EF:28:D6:3E,27,27,-10947.768160313,-5666.045851267884,14753.711726862732
30944,-10506,-5685,30182,-15392,-28946,-32754,-19402,26625,-2046,27,-1,23042,2020-11-02 15:30:43,2020-11-02 15:31:13,4,DF:DC:EF:28:D6:3E,27,27,28873.24542025366,9887.391426436445,11055.477134987525
30945,13821,-30505,-10782,-3612,2025,25617,28466,-2559,-4354,27,-1,23067,2020-11-02 15:30:43,2020-11-02 15:31:13,4,DF:DC:EF:28:D6:3E,27,27,13821.0,11779.554150034399,30133.845639519808
30946,24846,-7966,-22809,-32278,25832,18956,-17874,-2815,-17414,27,-1,23093,2020-11-02 15:30:43,2020-11-02 15:31:13,4,DF:DC:EF:28:D6:3E,27,27,-23938.679607104244,-8127.0319227742175,23704.900839164457
30947,24586,16102,27628,-30742,-6936,-29169,22059,-11007,-30474,27,-1,23118,2020-11-02 15:30:43,2020-11-02 15:31:13,4,DF:DC:EF:28:D6:3E,27,27,28779.16565193107,27347.02820039993,7138.056947464216
30948,-12517,-28177,3309,22510,-9237,27914,28968,-25344,-5134,27,-1,23144,2020-11-02 15:30:43,2020-11-02 15:31:13,4,DF:DC:EF:28:D6:3E,27,27,29340.528643667567,-4819.668974937001,-8801.833268254562
30949,-15340,-9495,-18,-9243,-3340,-1768,4901,-22786,10224,27,-1,23170,2020-11-02 15:30:43,2020-11-02 15:31:13,4,DF:DC:EF:28:D6:3E,27,27,16196.432263475122,7650.953479605648,-2146.961058699555
30950,-1809,-30767,29187,12269,-13324,-9436,-27615,8698,-15634,27,-1,23195,2020-11-02 15:30:43,2020-11-02 15:31:13,4,DF:DC:EF:28:D6:3E,27,27,13442.31379509338,34125.460642050966,-21366.302319354945
30951,-22447,23272,28395,-5661,14081,-24276,-28898,-10254,-26130,27,-1,23221,2020-11-02 15:30:43,2020-11-02 15:31:13,4,DF:DC:EF:28:D6:3E,27,27,40242.80930273199,-15036.619016587749,-2479.154286029653
30952,2092,25047,-22269,3062,26603,283,4891,-10003,-5650,27,-1,23246,2020-11-02 15:30:43,2020-11-02 15:31:13,4,DF:DC:EF:28:D6:3E,27,27,19869.029784563198,25047.0,-10271.634749159484
30953,-14539,-26425,-12791,-4839,27351,-24054,-2783,-21271,6888,27,-1,23272,2020-11-02 15:30:43,2020-11-02 15:31:13,4,DF:DC:EF:28:D6:3E,27,27,30987.993838217928,-646.8643645193356,10611.250226833889
30954,11831,29660,-23080,-6358,-16685,-28933,27698,15083,-8997,27,-1,23298,2020-11-02 15:30:43,2020-11-02 15:31:13,4,DF:DC:EF:28:D6:3E,27,27,-37288.036733473484,-10137.4181367819,-7694.779469431051
30955,-10967,13285,28645,-18140,-12827,3070,-6853,11247,28375,27,-1,23323,2020-11-02 15:30:43,2020-11-02 15:31:13,4,DF:DC:EF:28:D6:3E,27,27,25183.341486799512,-18699.848703073818,11550.641066252163
30956,-15325,30709,2292,30242,19186,15105,21314,-16143,3542,27,-1,23349,2020-11-02 15:30:43,2020-11-02 15:31:13,4,DF:DC:EF:28:D6:3E,27,27,4500.122508681519,-30725.126636576293,-14794.156298120142
31523,25393,14091,-25084,28698,25078,24820,-3771,8691,-17708,27,1,37868,2020-11-02 15:30:43,2020-11-02 15:31:13,4,DF:DC:EF:28:D6:3E,27,27,9302.152714455682,-12907.451498714872,-34920.41575762333
31524,-21735,1290,-22806,29720,22274,-282,17339,3059,-12584,27,1,37893,2020-11-02 15:30:43,2020-11-02 15:31:13,4,DF:DC:EF:28:D6:3E,27,27,10810.16384297055,18955.7168047456,22759.813687866994
31525,-20239,-18179,-11287,-22509,6922,30445,-1605,-24079,4573,27,1,37919,2020-11-02 15:30:43,2020-11-02 15:31:13,4,DF:DC:EF:28:D6:3E,27,27,4687.063478118056,-18179.0,22694.601251224747
31526,-15867,-30968,-2843,-28662,4615,-18706,25788,10736,-11553,27,1,37945,2020-11-02 15:30:43,2020-11-02 15:31:13,4,DF:DC:EF:28:D6:3E,27,27,11159.53532465575,-19087.275701456165,27018.549917313507
31527,13055,8968,20701,11525,30717,-13595,31930,32495,30180,27,1,37970,2020-11-02 15:30:43,2020-11-02 15:31:13,4,DF:DC:EF:28:D6:3E,27,27,23267.081329647954,293.3235578758958,11745.055882793517
31528,-29714,-20741,18920,-7684,-11518,-22547,-12989,-21521,25065,27,1,37996,2020-11-02 15:30:43,2020-11-02 15:31:13,4,DF:DC:EF:28:D6:3E,27,27,1337.5482260452482,-37976.27365276461,-15069.534869840538
31529,12277,-27649,27626,13301,4359,24822,-12224,-27153,-1813,27,1,38021,2020-11-02 15:30:43,2020-11-02 15:31:13,4,DF:DC:EF:28:D6:3E,27,27,2301.554256180012,36626.29459717823,-18210.03015062229
31530,-532,18431,228,-25101,20227,-13063,-7619,22767,-19475,27,1,38047,2020-11-02 15:30:43,2020-11-02 15:31:13,4,DF:DC:EF:28:D6:3E,27,27,3060.524608418291,-9816.504630041356,15307.063564565306
31531,25073,-24321,28390,-13840,21249,21244,9019,-27153,-22034,27,1,38098,2020-11-02 15:30:43,2020-11-02 15:31:13,4,DF:DC:EF:28:D6:3E,27,27,14839.835626045466,39519.74534879747,-15624.579231395403
31532,-8717,-6145,28900,12781,-22276,13310,27448,11248,-9490,27,1,38100,2020-11-02 15:30:43,2020-11-02 15:31:13,4,DF:DC:EF:28:D6:3E,27,27,12765.388498786591,28033.43233699463,-358.6668122238352
31533,-17164,-30464,-12577,-7189,-9739,-17666,-2251,11761,14318,27,1,38124,2020-11-02 15:30:43,2020-11-02 15:31:13,4,DF:DC:EF:28:D6:3E,27,27,29487.55885681299,8773.438333503964,20841.05979728941
31534,20734,20216,-13611,20456,18677,-11006,-15053,22002,-25876,27,1,38149,2020-11-02 15:30:43,2020-11-02 15:31:13,4,DF:DC:EF:28:D6:3E,27,27,30323.544408796108,-3304.0364535997182,9664.922689864325
31535,23038,18931,17886,-15643,9717,16141,-21455,20978,-18455,27,1,38175,2020-11-02 15:30:43,2020-11-02 15:31:13,4,DF:DC:EF:28:D6:3E,27,27,23137.632424358675,19679.60204758912,16923.487526032935
31536,5898,-28701,-27932,-23322,-9999,8212,19248,30705,-25115,27,1,38201,2020-11-02 15:30:43,2020-11-02 15:31:13,4,DF:DC:EF:28:D6:3E,27,27,-10786.598742076958,-37011.32099201851,12350.782768844785
31537,-26346,-25124,13029,19946,-11022,-19681,23600,-2066,22496,27,1,38226,2020-11-02 15:30:43,2020-11-02 15:31:13,4,DF:DC:EF:28:D6:3E,27,27,22373.352593042506,-29737.44734560601,10497.583155884391
31538,5441,10714,-25360,15599,18156,11302,-6093,-15125,-13353,27,1,38252,2020-11-02 15:30:43,2020-11-02 15:31:13,4,DF:DC:EF:28:D6:3E,27,27,-21794.498733240787,-10253.054866010189,14401.339100283365
31539,-21417,19932,780,-23811,-21016,30228,19514,-22,14542,27,1,38277,2020-11-02 15:30:43,2020-11-02 15:31:13,4,DF:DC:EF:28:D6:3E,27,27,26955.4456011764,-11216.986086673684,2040.6098533009256
31540,-7124,2496,16576,12057,-12820,-19951,7232,8685,-1079,27,1,38303,2020-11-02 15:30:43,2020-11-02 15:31:13,4,DF:DC:EF:28:D6:3E,27,27,5454.494698537457,-12599.628488728817,11968.41750314719
31541,10539,-26663,-22502,-27096,-7452,-272,1860,-17424,3273,27,1,38329,2020-11-02 15:30:43,2020-11-02 15:31:13,4,DF:DC:EF:28:D6:3E,27,27,-7258.0485003089625,-26663.0,23764.074923446162
31203,21482,-26627,-24073,-6670,26874,27384,-19146,14577,-12297,27,-1,29674,2020-11-02 15:30:43,2020-11-02 15:31:13,4,DF:DC:EF:28:D6:3E,27,27,14160.753536946297,-24239.068074122555,-31014.890297467045
31204,14054,19713,-24360,-5646,-26131,2285,23605,-6413,24056,27,-1,29699,2020-11-02 15:30:43,2020-11-02 15:31:13,4,DF:DC:EF:28:D6:3E,27,27,-28115.00978020901,15365.369761043195,12368.448656366367
31205,-26641,18683,214,-19984,-15123,27644,-22477,-8202,15863,27,-1,29725,2020-11-02 15:30:43,2020-11-02 15:31:13,4,DF:DC:EF:28:D6:3E,27,27,21783.58892071617,-3224.657987331155,-23956.627487983213
31206,-19202,26872,-7982,-16668,5100,8460,-28879,24824,-6413,27,-1,29750,2020-11-02 15:30:43,2020-11-02 15:31:13,4,DF:DC:EF:28:D6:3E,27,27,10025.53576460854,12660.516678835847,-29895.375262027974
31207,32019,17398,15578,21984,-1811,-16368,31534,-1289,-10769,27,-1,29776,2020-11-02 15:30:43,2020-11-02 15:31:13,4,DF:DC:EF:28:D6:3E,27,27,34022.72554506955,-16205.482045460176,-12264.475005443144
31208,7701,15347,-5646,3043,-2578,17930,15659,5111,-32276,27,-1,29801,2020-11-02 15:30:43,2020-11-02 15:31:13,4,DF:DC:EF:28:D6:3E,27,27,3385.7386554541167,7029.328750650795,16304.552648638904
31209,-3849,-17704,-8431,24047,-14604,4373,29736,-29963,16618,27,-1,29827,2020-11-02 15:30:43,2020-11-02 15:31:13,4,DF:DC:EF:28:D6:3E,27,27,6551.907061916647,17179.065250719967,7828.180437592907
31210,19500,5079,23778,23312,26855,-7130,-4053,30193,23525,27,-1,29853,2020-11-02 15:30:43,2020-11-02 15:31:13,4,DF:DC:EF:28:D6:3E,27,27,15132.152511928054,9750.038976877091,25443.942801875797
31211,-952,18940,23818,29188,-1041,1300,-11471,32238,-16674,27,-1,29878,2020-11-02 15:30:43,2020-11-02 15:31:13,4,DF:DC:EF:28:D6:3E,27,27,1810.8373097508286,-29146.52775547605,-8609.751218059588
31212,3151,25337,-272,1304,-21515,-26107,10296,-18963,21978,27,-1,29904,2020-11-02 15:30:43,2020-11-02 15:31:13,4,DF:DC:EF:28:D6:3E,27,27,4082.153078357373,-14641.11410615886,-20516.826215945133
31213,5425,25582,-10216,28954,-14596,12810,14908,15341,-10280,27,-1,29930,2020-11-02 15:30:43,2020-11-02 15:31:13,4,DF:DC:EF:28:D6:3E,27,27,11155.786261206327,-19884.713048482765,-16382.387642641705
31214,-25311,32252,-25600,-29149,-1544,-30211,15170,5358,24792,27,-1,29955,2020-11-02 15:30:43,2020-11-02 15:31:13,4,DF:DC:EF:28:D6:3E,27,27,24003.756883571932,12712.824674788582,39980.01962558873
31215,-12513,8456,-28933,-23258,-13310,8185,-15430,9198,25817,27,-1,29981,2020-11-02 15:30:43,2020-11-02 15:31:13,4,DF:DC:EF:28:D6:3E,27,27,-20547.819769636742,21842.175720353942,12880.374859285204
31216,12581,25100,-3862,-473,-8959,14581,-22849,22765,-2598,27,-1,30006,2020-11-02 15:30:43,2020-11-02 15:31:13,4,DF:DC:EF:28:D6:3E,27,27,-12415.407175245986,-25393.817135798385,-2053.855142526526
30725,8720,23532,-5657,-756,29202,24607,29393,1016,-13116,27,1,17434,2020-11-02 15:30:43,2020-11-02 15:31:13,4,DF:DC:EF:28:D6:3E,27,27,-2491.720412042605,-8449.466815044034,-24170.083014538446
30726,-7410,12525,-17687,19722,30995,-3042,-32300,4347,-8257,27,1,17459,2020-11-02 15:30:43,2020-11-02 15:31:13,4,DF:DC:EF:28:D6:3E,27,27,13257.759274012074,17318.717067493926,6993.393465867727
30727,19719,13029,8174,7179,-32255,1322,-28970,-22529,-31812,27,1,17485,2020-11-02 15:30:43,2020-11-02 15:31:13,4,DF:DC:EF:28:D6:3E,27,27,-2158.247114958909,-21899.316420366584,-11881.497704895375
30728,-17360,31492,9194,26880,27660,12046,-1322,-31485,-13895,27,1,17511,2020-11-02 15:30:43,2020-11-02 15:31:13,4,DF:DC:EF:28:D6:3E,27,27,27015.96179702487,-16644.258339711592,19254.91554130099
30729,-18679,-28174,7139,-5895,20495,-18450,10198,-25855,-25276,27,1,17536,2020-11-02 15:30:43,2020-11-02 15:31:13,4,DF:DC:EF:28:D6:3E,27,27,17905.687886475305,11747.485951500326,27111.391574971465
30730,-11022,-15386,7652,29425,25606,19954,17364,-23810,-8893,27,1,17562,2020-11-02 15:30:43,2020-11-02 15:31:13,4,DF:DC:EF:28:D6:3E,27,27,11815.785959268369,7791.070217314256,14712.342132836477
30731,-6911,22502,-6928,6639,-22279,-10761,-27439,-25347,-17084,27,1,17587,2020-11-02 15:30:43,2020-11-02 15:31:13,4,DF:DC:EF:28:D6:3E,27,27,-17276.02096219226,-15004.031724318931,-8860.99547057354
30732,4623,-30487,2551,-9235,29427,-1810,-27954,-12292,-29766,27,1,17613,2020-11-02 15:30:43,2020-11-02 15:31:13,4,DF:DC:EF:28:D6:3E,27,27,-11422.220422337063,24832.303462315147,14499.189093843745
30733,18953,30946,-26633,-9234,20464,-26907,15819,30459,-29506,27,1,17639,2020-11-02 15:30:43,2020-11-02 15:31:13,4,DF:DC:EF:28:D6:3E,27,27,-20017.3273471473,-27694.430716482464,29300.391245973173
30734,14856,11233,-5377,-3599,9959,-8219,-9017,17147,-12349,27,1,17664,2020-11-02 15:30:43,2020-11-02 15:31:13,4,DF:DC:EF:28:D6:3E,27,27,8653.334065516849,15196.145993089507,-8366.009234233217
30735,5898,14820,31748,28408,10722,-11801,28357,-15876,29897,27,1,17690,2020-11-02 15:30:43,2020-11-02 15:31:13,4,DF:DC:EF:28:D6:3E,27,27,21300.244277906393,-21452.82115966272,18666.289561480702
30736,25869,18407,-24569,5373,-1310,31979,26052,4095,-26418,27,1,17716,2020-11-02 15:30:43,2020-11-02 15:31:13,4,DF:DC:EF:28:D6:3E,27,27,6268.34695999943,39595.88557060815,2128.906589865046
30737,-30184,11244,-5373,11009,-4634,-8980,-28988,14081,5331,27,1,17741,2020-11-02 15:30:43,2020-11-02 15:31:13,4,DF:DC:EF:28:D6:3E,27,27,20979.27680833952,8341.797741113558,23593.534623820586
30738,5916,-23826,-5378,-1533,-24852,19945,30917,23042,32471,27,1,17767,2020-11-02 15:30:43,2020-11-02 15:31:13,4,DF:DC:EF:28:D6:3E,27,27,-17100.37881896369,15801.677506413896,-9459.611420731344
30739,-13540,2033,-10250,-764,17394,7655,-15418,21250,-4133,27,1,17792,2020-11-02 15:30:43,2020-11-02 15:31:13,4,DF:DC:EF:28:D6:3E,27,27,13745.57183208655,-10166.325143663578,-481.9513276903417
30740,5654,3820,14829,-26620,24309,16611,-5945,10497,24288,27,1,17818,2020-11-02 15:30:43,2020-11-02 15:31:13,4,DF:DC:EF:28:D6:3E,27,27,6369.868719189022,-14872.623537306534,-2165.4557529196854
30741,-12523,15085,-8222,20482,11252,1762,-28216,-19201,-1820,27,1,17869,2020-11-02 15:30:43,2020-11-02 15:31:13,4,DF:DC:EF:28:D6:3E,27,27,10028.183112341125,-3637.7839043058,-18389.83713171299
30742,-20450,27115,7382,-7174,4339,9429,-6201,-25091,-29718,27,1,17871,2020-11-02 15:30:43,2020-11-02 15:31:13,4,DF:DC:EF:28:D6:3E,27,27,-20255.315606821576,5071.955589613433,27783.3962136568
30743,-2818,11218,26089,-19721,12529,-20275,28613,17147,12786,27,1,17895,2020-11-02 15:30:43,2020-11-02 15:31:13,4,DF:DC:EF:28:D6:3E,27,27,-2108.497386434436,-25218.00958613846,13191.921781333745
30744,18684,31197,-21033,-32010,28658,3545,6083,2554,1785,27,1,17920,2020-11-02 15:30:43,2020-11-02 15:31:13,4,DF:DC:EF:28:D6:3E,27,27,18684.0,34554.470259632835,14887.191913727362
30587,-28680,29198,-28935,-3073,-513,512,2096,5644,321,27,-1,13900,2020-11-02 15:30:43,2020-11-02 15:31:13,4,DF:DC:EF:28:D6:3E,27,27,-28680.0,29198.0,-28935.0
30588,16631,-11000,-5386,768,-7681,1536,1328,5900,-960,27,-1,13926,2020-11-02 15:30:43,2020-11-02 15:31:13,4,DF:DC:EF:28:D6:3E,27,27,4453.604924717702,-11000.0,-16904.57216774593
30589,13561,-4082,3833,-3585,-1,3584,1328,5388,-1472,27,-1,13951,2020-11-02 15:30:43,2020-11-02 15:31:13,4,DF:DC:EF:28:D6:3E,27,27,13561.0,-4082.0,3833.0
30590,24566,-14328,-23561,-5121,-6145,-1793,48,5388,-1984,27,-1,13977,2020-11-02 15:30:43,2020-11-02 15:31:13,4,DF:DC:EF:28:D6:3E,27,27,24566.0,-14328.0,-23561.0
30591,27130,-18930,-27656,-6913,8448,-4097,-209,5388,-960,27,-1,14002,2020-11-02 15:30:43,2020-11-02 15:31:13,4,DF:DC:EF:28:D6:3E,27,27,27130.0,-18930.0,-27656.0
30592,-21003,3849,-27144,-6657,-8449,-9985,-1233,6156,-448,27,-1,14028,2020-11-02 15:30:43,2020-11-02 15:31:13,4,DF:DC:EF:28:D6:3E,27,27,-34188.85774177408,3849.0,3007.449303435465
30593,19451,-15859,-15881,-6145,10496,-3073,-1489,6668,833,27,-1,14079,2020-11-02 15:30:43,2020-11-02 15:31:13,4,DF:DC:EF:28:D6:3E,27,27,-2853.980558293017,-15859.0,-24947.993044990326
30594,-9739,11530,19449,-10497,-6913,-10497,-2513,6924,1089,27,-1,14081,2020-11-02 15:30:43,2020-11-02 15:31:13,4,DF:DC:EF:28:D6:3E,27,27,11103.765026678964,11530.0,18703.42546787356
30595,-14597,7180,503,-11521,1792,-8193,-3793,8204,2113,27,-1,14105,2020-11-02 15:30:43,2020-11-02 15:31:13,4,DF:DC:EF:28:D6:3E,27,27,-7463.532853398863,7180.0,12554.724025092539
30596,-26377,-15093,23034,-21761,-3585,-6657,-6097,8204,2625,27,-1,14131,2020-11-02 15:30:43,2020-11-02 15:31:13,4,DF:DC:EF:28:D6:3E,27,27,6907.776644870464,11227.659961597255,35781.730081304464
30597,10492,13067,-8714,-19201,0,-32001,-8401,9996,4673,27,-1,14158,2020-11-02 15:30:43,2020-11-02 15:31:13,4,DF:DC:EF:28:D6:3E,27,27,-7545.352452091728,-272.44793083702825,-17313.456543934146
30598,-10501,-26103,32759,-30465,2559,-3074,-12497,19468,4417,27,-1,14182,2020-11-02 15:30:43,2020-11-02 15:31:13,4,DF:DC:EF:28:D6:3E,27,27,11821.62357708207,40650.35527977256,-8519.831138587437
31217,27919,32279,-21041,-17118,-21504,18663,-8255,3308,-28961,27,1,30032,2020-11-02 15:30:43,2020-11-02 15:31:13,4,DF:DC:EF:28:D6:3E,27,27,8173.653463744744,26697.044043700218,-38530.34273638562
31218,23013,13575,30676,-5618,21250,5606,-32321,-8214,-17946,27,1,30058,2020-11-02 15:30:43,2020-11-02 15:31:13,4,DF:DC:EF:28:D6:3E,27,27,2175.71554653896,26133.818151359766,31099.60740414913
31219,26115,16644,14807,23548,-10236,-29450,701,15850,17130,27,1,30083,2020-11-02 15:30:43,2020-11-02 15:31:13,4,DF:DC:EF:28:D6:3E,27,27,-16214.785225525506,-4565.54598291016,-29908.188510306216
31220,32766,-16124,-27930,28148,-2304,-17169,11077,-1303,-7699,27,1,30109,2020-11-02 15:30:43,2020-11-02 15:31:13,4,DF:DC:EF:28:D6:3E,27,27,30149.280071387668,-19580.323926351837,-28658.521561939662
31221,10991,13564,17883,-25606,-18181,-14099,3136,-22806,-22286,27,1,30134,2020-11-02 15:30:43,2020-11-02 15:31:13,4,DF:DC:EF:28:D6:3E,27,27,15184.661276756819,-11536.592971620494,-16152.985808119764
31222,2321,-6920,-10478,-13571,27653,6133,14140,-789,-12299,27,1,30160,2020-11-02 15:30:43,2020-11-02 15:31:13,4,DF:DC:EF:28:D6:3E,27,27,10316.098755843976,-7273.760672392547,-1931.9516402927593
31223,28121,2556,6362,5876,-1046,-23834,-18631,-9489,4857,27,1,30186,2020-11-02 15:30:43,2020-11-02 15:31:13,4,DF:DC:EF:28:D6:3E,27,27,20797.225885981417,-1632.6153300338633,20065.11359627956
31224,27372,-20232,7899,-31767,-30991,-14591,23607,29682,-24584,27,1,30211,2020-11-02 15:30:43,2020-11-02 15:31:13,4,DF:DC:EF:28:D6:3E,27,27,-13246.62724675631,-14040.403363633066,29126.420119403185
31225,26881,1529,-9507,16097,27374,13066,-1996,-19213,23797,27,1,30237,2020-11-02 15:30:43,2020-11-02 15:31:13,4,DF:DC:EF:28:D6:3E,27,27,17674.96087757317,18125.250700013254,13205.305601837725
31226,11288,29947,-20772,-2079,-21011,26888,24370,-31756,-25615,27,1,30262,2020-11-02 15:30:43,2020-11-02 15:31:13,4,DF:DC:EF:28:D6:3E,27,27,30313.723291874277,18899.389702377306,-13401.827713463346
31227,19986,-28431,28129,-22045,26092,14856,-19665,23541,9454,27,1,30288,2020-11-02 15:30:43,2020-11-02 15:31:13,4,DF:DC:EF:28:D6:3E,27,27,-24336.764210004687,21538.609597518807,30705.25691786841
31228,-15598,-8743,-10739,-20511,23797,-21231,20525,20980,23274,27,1,30314,2020-11-02 15:30:43,2020-11-02 15:31:13,4,DF:DC:EF:28:D6:3E,27,27,-3262.9351586312573,-19338.35079383454,-7102.479618074726
30884,25114,-3873,25052,16865,-6167,-25594,-10453,12533,11249,27,-1,21505,2020-11-02 15:30:43,2020-11-02 15:31:13,4,DF:DC:EF:28:D6:3E,27,27,-13373.414556361009,14315.319182965664,-29825.144572885587
30885,-8435,-2095,21766,24294,9716,20243,32297,-4877,-30739,27,-1,21531,2020-11-02 15:30:43,2020-11-02 15:31:13,4,DF:DC:EF:28:D6:3E,27,27,-21837.443871664727,-2336.517080266978,8183.137484211858
30886,1037,4821,-18435,-519,-16140,-22754,-6872,3824,-23318,27,-1,21556,2020-11-02 15:30:43,2020-11-02 15:31:13,4,DF:DC:EF:28:D6:3E,27,27,9090.76641243914,9221.853148637358,-14017.204626438024
30887,13608,-22575,-10269,-22006,-28441,15143,15919,-7957,20963,27,-1,21582,2020-11-02 15:30:43,2020-11-02 15:31:13,4,DF:DC:EF:28:D6:3E,27,27,-23462.70234163148,-15576.919441836126,2668.675613585996
30888,14930,-20262,23267,10246,-19214,-2782,29754,17897,-19497,27,-1,21608,2020-11-02 15:30:43,2020-11-02 15:31:13,4,DF:DC:EF:28:D6:3E,27,27,13333.594963844094,-14830.507219381752,-27876.121214329967
30889,-8369,-29738,-2055,25103,6381,14097,10307,1258,19407,27,-1,21633,2020-11-02 15:30:43,2020-11-02 15:31:13,4,DF:DC:EF:28:D6:3E,27,27,10308.666394901431,13013.763293795193,-26133.98538477625
30890,-29648,28382,-2806,14111,-29721,15600,698,6381,-18225,27,-1,21659,2020-11-02 15:30:43,2020-11-02 15:31:13,4,DF:DC:EF:28:D6:3E,27,27,22201.38000016563,-25504.174185298656,23431.84348731852
30891,-24285,4315,20739,-6356,9963,3833,28350,18928,6866,27,-1,21684,2020-11-02 15:30:43,2020-11-02 15:31:13,4,DF:DC:EF:28:D6:3E,27,27,873.5158394067021,25189.40380594447,20080.27581930527
30892,-30433,-19731,2285,-28626,15090,7927,2756,17138,-11564,27,-1,21710,2020-11-02 15:30:43,2020-11-02 15:31:13,4,DF:DC:EF:28:D6:3E,27,27,-24076.326222715685,-5194.1797747781,26721.753069075752
30893,31008,21239,29929,-24542,23041,23544,-3640,3314,32470,27,-1,21736,2020-11-02 15:30:43,2020-11-02 15:31:13,4,DF:DC:EF:28:D6:3E,27,27,29162.38971641412,-23709.62275170114,29929.0
31073,-27364,-27175,13814,9218,23785,-8419,15145,-6419,-12570,27,1,26345,2020-11-02 15:30:43,2020-11-02 15:31:13,4,DF:DC:EF:28:D6:3E,27,27,-5651.930052663397,-9340.551798340673,-39482.97729126205
31074,4693,-30484,9710,4629,1506,-30965,-10703,-7189,-16674,27,1,26370,2020-11-02 15:30:43,2020-11-02 15:31:13,4,DF:DC:EF:28:D6:3E,27,27,2217.361425551123,24789.647216331094,20643.141819944125
31075,-716,-18196,-25359,8731,10477,23037,-9928,7662,-19238,27,1,26396,2020-11-02 15:30:43,2020-11-02 15:31:13,4,DF:DC:EF:28:D6:3E,27,27,-5356.864738841888,30721.690084156387,1472.315028381999
31076,-30910,27626,-26870,-32220,12017,-16140,-8899,7152,4570,27,1,26422,2020-11-02 15:30:43,2020-11-02 15:31:13,4,DF:DC:EF:28:D6:3E,27,27,-48478.39145701291,-7683.933859874949,5605.675532679793
31077,-27109,-22545,3058,-16072,6645,2013,-5566,-19982,17374,27,1,26447,2020-11-02 15:30:43,2020-11-02 15:31:13,4,DF:DC:EF:28:D6:3E,27,27,-22960.351271946518,26045.818574482797,-6853.019353099102
31078,30492,7438,-4653,-18142,-23540,9205,20155,13043,-11295,27,1,26473,2020-11-02 15:30:43,2020-11-02 15:31:13,4,DF:DC:EF:28:D6:3E,27,27,-9720.856554495422,2726.040458978649,-30080.05931282276
31079,1314,-9959,-26153,-25837,4112,17138,-16963,31984,22755,27,1,26498,2020-11-02 15:30:43,2020-11-02 15:31:13,4,DF:DC:EF:28:D6:3E,27,27,21330.913723886577,16794.299551817807,6916.018237968968
31080,-13068,784,23762,17936,22535,10216,25277,29422,-15129,27,1,26524,2020-11-02 15:30:43,2020-11-02 15:31:13,4,DF:DC:EF:28:D6:3E,27,27,10993.842451270477,-17960.03474373654,-17105.3355465603
31081,-12810,-2291,-13869,-3843,18954,10232,-6213,5613,-10774,27,1,26550,2020-11-02 15:30:43,2020-11-02 15:31:13,4,DF:DC:EF:28:D6:3E,27,27,-17783.14297863585,3804.916510331215,-5565.64265389034
31082,15355,27398,-14630,-27403,13321,-15368,7494,-18709,20716,27,1,26575,2020-11-02 15:30:43,2020-11-02 15:31:13,4,DF:DC:EF:28:D6:3E,27,27,13339.462633649144,-29289.502958720335,-12831.487913589392
31083,12270,-24058,9959,-31245,15365,-5132,6978,2539,-18,27,1,26601,2020-11-02 15:30:43,2020-11-02 15:31:13,4,DF:DC:EF:28:D6:3E,27,27,12270.0,-21378.802412277542,-14863.23828836757
31084,26855,-18423,-29733,20464,22015,1012,-18883,-29461,-15,27,1,26626,2020-11-02 15:30:43,2020-11-02 15:31:13,4,DF:DC:EF:28:D6:3E,27,27,38337.1755833714,14042.710565225974,-16664.707956368224
31085,5879,-20994,8178,18926,32767,12026,-19655,32236,-27661,27,1,26652,2020-11-02 15:30:43,2020-11-02 15:31:13,4,DF:DC:EF:28:D6:3E,27,27,-20910.409708464984,-9352.086456820833,4181.340183276363
31086,-17949,-2558,-6701,-4887,-4107,-28939,28214,-1043,-20236,27,1,26678,2020-11-02 15:30:43,2020-11-02 15:31:13,4,DF:DC:EF:28:D6:3E,27,27,17289.664223923322,5898.2575257622775,6315.966686404742
31087,20215,-16644,5338,-29469,-28427,-1278,29491,29423,23027,27,1,26703,2020-11-02 15:30:43,2020-11-02 15:31:13,4,DF:DC:EF:28:D6:3E,27,27,7505.598330875984,8082.066455883564,24341.515986031627
31088,24845,-10754,4320,-8222,29175,25343,20016,9200,28657,27,1,26729,2020-11-02 15:30:43,2020-11-02 15:31:13,4,DF:DC:EF:28:D6:3E,27,27,12049.22300707114,-5349.854991102664,-24037.059252330382
31089,30725,29681,21983,24548,26352,-11776,-21971,21489,-530,27,1,26754,2020-11-02 15:30:43,2020-11-02 15:31:13,4,DF:DC:EF:28:D6:3E,27,27,-34079.80776746742,-26281.72615441776,21355.965159099236
31090,-6653,-6167,24056,-1820,-20236,30723,9003,-22287,-32276,27,1,26780,2020-11-02 15:30:43,2020-11-02 15:31:13,4,DF:DC:EF:28:D6:3E,27,27,24161.88630315149,-1427.9345427144424,-8668.891925459864
31091,7175,1755,13573,-24598,-16388,14607,-27608,6384,-16662,27,1,26806,2020-11-02 15:30:43,2020-11-02 15:31:13,4,DF:DC:EF:28:D6:3E,27,27,-9355.110702650112,6999.084164637287,-10113.441728585025
31092,-236,20707,32751,-1282,-13073,28948,17961,29933,-10777,27,1,26831,2020-11-02 15:30:43,2020-11-02 15:31:13,4,DF:DC:EF:28:D6:3E,27,27,-5890.493335730185,-37321.544927432034,-8594.644756555694
31429,-29982,8696,-21265,8973,-30705,10997,4795,30190,-9757,27,-1,35461,2020-11-02 15:30:43,2020-11-02 15:31:13,4,DF:DC:EF:28:D6:3E,27,27,13739.878253041863,-5303.899046151973,-34782.543976825735
31430,-23026,-28152,-25878,15620,8454,6384,-11590,8429,-19995,27,-1,35486,2020-11-02 15:30:43,2020-11-02 15:31:13,4,DF:DC:EF:28:D6:3E,27,27,-19646.915071094376,9134.271508913374,39025.20308967857
31431,-20239,31998,16883,29700,-4098,-21530,13124,-7700,3819,27,-1,35512,2020-11-02 15:30:43,2020-11-02 15:31:13,4,DF:DC:EF:28:D6:3E,27,27,-29506.35214294168,-28667.534932933453,-5106.117711702422
31432,17643,-31231,-3103,6394,26873,-4118,-6336,7150,-9233,27,-1,35538,2020-11-02 15:30:43,2020-11-02 15:31:13,4,DF:DC:EF:28:D6:3E,27,27,-59.91082284301138,-35970.330591318016,-1552.7867994663925
31433,-21259,20222,-8221,-23818,-29954,27638,-8643,12527,20210,27,-1,35563,2020-11-02 15:30:43,2020-11-02 15:31:13,4,DF:DC:EF:28:D6:3E,27,27,9992.510827989523,-5473.176302194571,28260.454251791634
31434,6905,-9476,-9491,-25610,7419,-3597,11067,-27152,-4877,27,-1,35589,2020-11-02 15:30:43,2020-11-02 15:31:13,4,DF:DC:EF:28:D6:3E,27,27,-14428.875232846744,2866.496466405253,3338.1790729420313
31435,-16158,-21765,-6951,18929,-9484,-31497,-200,-4878,-13836,27,-1,35614,2020-11-02 15:30:43,2020-11-02 15:31:13,4,DF:DC:EF:28:D6:3E,27,27,-13066.757909932236,23749.86372009792,-6951.0
31436,-26631,-515,30943,9707,31221,-26623,-17610,22772,-19981,27,-1,35642,2020-11-02 15:30:43,2020-11-02 15:31:13,4,DF:DC:EF:28:D6:3E,27,27,-21142.911389179484,-7939.666611400688,34012.99203376724
31437,32000,-31752,-5417,12776,-12816,-10750,23092,-9995,-18447,27,-1,35665,2020-11-02 15:30:43,2020-11-02 15:31:13,4,DF:DC:EF:28:D6:3E,27,27,8201.528811052493,-15654.152303049306,41823.627698161385
31438,-12282,7161,2268,-27931,8946,5386,-10191,-27658,-1042,27,-1,35691,2020-11-02 15:30:43,2020-11-02 15:31:13,4,DF:DC:EF:28:D6:3E,27,27,4395.120400646017,5777.5610058660595,12432.77822883209
31439,-2813,20198,-10513,-14874,-20751,-7152,15407,9462,-13077,27,-1,35717,2020-11-02 15:30:43,2020-11-02 15:31:13,4,DF:DC:EF:28:D6:3E,27,27,-6281.401616436685,-16498.437011537844,14654.040804820524
31440,2837,27363,31739,-30996,7155,15641,-6867,-1293,-5913,27,-1,35742,2020-11-02 15:30:43,2020-11-02 15:31:13,4,DF:DC:EF:28:D6:3E,27,27,36446.93260944836,20030.829386890433,-5876.515671349585
31441,13641,7148,9480,24833,238,30237,25136,-25616,13026,27,-1,35768,2020-11-02 15:30:43,2020-11-02 15:31:13,4,DF:DC:EF:28:D6:3E,27,27,5090.485808654127,-17135.799372777605,-2737.2466253163093
31442,-6320,3827,-4600,-19941,-13333,26889,30006,2800,-17700,27,-1,35793,2020-11-02 15:30:43,2020-11-02 15:31:13,4,DF:DC:EF:28:D6:3E,27,27,5787.461310899098,4184.075213445468,-4974.649252266671
31443,-13522,-15390,13498,23344,-22787,-25853,-27586,-30223,22235,27,-1,35819,2020-11-02 15:30:43,2020-11-02 15:31:13,4,DF:DC:EF:28:D6:3E,27,27,23252.082358481504,-3157.184831193367,7159.9886826779
31444,-7391,-17152,4084,21278,16641,-29707,9795,-20238,-21541,27,-1,35845,2020-11-02 15:30:43,2020-11-02 15:31:13,4,DF:DC:EF:28:D6:3E,27,27,-10744.685308805509,11300.633705046786,11060.9428386146
31445,-25289,-3313,4354,10271,-25852,-1546,23738,754,12509,27,-1,35870,2020-11-02 15:30:43,2020-11-02 15:31:13,4,DF:DC:EF:28:D6:3E,27,27,5558.592011936446,-25267.650430711103,-338.6776582850003
31446,-20459,-7411,-18967,-20702,32517,-11542,32189,-3856,-11040,27,-1,35896,2020-11-02 15:30:43,2020-11-02 15:31:13,4,DF:DC:EF:28:D6:3E,27,27,-28127.60658545249,6252.846976689688,1726.3671278475067
31447,-16895,-31725,-13868,22551,18698,25831,-12610,239,17637,27,-1,35922,2020-11-02 15:30:43,2020-11-02 15:31:13,4,DF:DC:EF:28:D6:3E,27,27,16642.363014623417,-2970.418550743094,34618.585195280524
31448,28925,8473,-15144,15620,6152,1520,-17987,6893,7145,27,-1,35947,2020-11-02 15:30:43,2020-11-02 15:31:13,4,DF:DC:EF:28:D6:3E,27,27,23573.402864709933,17232.957544250963,-16885.139669429136
31449,24053,12296,-5665,-3079,-8446,9971,-26438,18924,-22804,27,-1,35973,2020-11-02 15:30:43,2020-11-02 15:31:13,4,DF:DC:EF:28:D6:3E,27,27,21227.406713500797,6813.715917931166,-16272.711194184963
31450,-21755,-11775,30438,10740,-6142,-8203,-16573,1772,10223,27,-1,35998,2020-11-02 15:30:43,2020-11-02 15:31:13,4,DF:DC:EF:28:D6:3E,27,27,-39167.1496385348,-704.5979561048407,-1959.7002099495185
31451,-28169,-20738,13800,14580,2818,-4366,-26817,10476,10482,27,-1,36024,2020-11-02 15:30:43,2020-11-02 15:31:13,4,DF:DC:EF:28:D6:3E,27,27,-22077.99745851967,-28625.83987113543,10349.904583797505
31452,16890,10244,-19744,30707,14336,26360,27196,3564,24564,27,-1,36050,2020-11-02 15:30:43,2020-11-02 15:31:13,4,DF:DC:EF:28:D6:3E,27,27,-27415.91002935,1361.2992917474005,5152.854888396739
31453,-30478,-11781,19689,-27152,-16376,-30722,-18632,7916,1270,27,-1,36075,2020-11-02 15:30:43,2020-11-02 15:31:13,4,DF:DC:EF:28:D6:3E,27,27,-31470.27955367732,14441.613441140571,16013.071911100225
31454,29695,25086,-32518,-12051,-3324,-2820,25909,-789,-12042,27,-1,36101,2020-11-02 15:30:43,2020-11-02 15:31:13,4,DF:DC:EF:28:D6:3E,27,27,-49645.04663591934,-9936.650677401462,2270.0358659482445
31455,4087,29692,31961,-21521,19194,-4873,-25038,9197,22263,27,-1,36126,2020-11-02 15:30:43,2020-11-02 15:31:13,4,DF:DC:EF:28:D6:3E,27,27,2650.056795571294,43659.09343281933,-2585.4813100460433
30991,-31458,-16684,7433,7139,21752,20243,1833,-22289,14828,27,1,24245,2020-11-02 15:30:43,2020-11-02 15:31:13,4,DF:DC:EF:28:D6:3E,27,27,2647.095936755625,34307.60784968757,-11797.967440778413
30992,-15083,16071,-15609,29434,22512,-23013,22313,31212,-15128,27,1,24271,2020-11-02 15:30:43,2020-11-02 15:31:13,4,DF:DC:EF:28:D6:3E,27,27,-3612.136871634329,25046.256582943617,-9436.753117568202
30993,-129,248,-32025,3341,21740,-24040,-3535,13545,-13857,27,1,24296,2020-11-02 15:30:43,2020-11-02 15:31:13,4,DF:DC:EF:28:D6:3E,27,27,12321.465731516675,26326.950302667534,13444.40180848275
30994,-15821,-8482,-24066,-13808,28653,11530,14649,-17942,-3879,27,1,24322,2020-11-02 15:30:43,2020-11-02 15:31:13,4,DF:DC:EF:28:D6:3E,27,27,15337.766602524758,25412.90934157972,-4511.948076288827
30995,-5581,-24610,-760,28709,7400,-4107,-10945,2029,26583,27,1,24347,2020-11-02 15:30:43,2020-11-02 15:31:13,4,DF:DC:EF:28:D6:3E,27,27,-6899.085231697631,13333.126032291773,20297.97118366255
30996,9766,14068,-15101,10792,-18700,21748,-1468,-26897,4825,27,1,24373,2020-11-02 15:30:43,2020-11-02 15:31:13,4,DF:DC:EF:28:D6:3E,27,27,-17811.95808299906,14068.0,2479.739149484177
30997,26410,26371,-13327,28197,27905,-25859,-28227,-8465,20698,27,1,24399,2020-11-02 15:30:43,2020-11-02 15:31:13,4,DF:DC:EF:28:D6:3E,27,27,10765.11131399495,5689.090063580871,37713.03889433684
30998,27180,6925,29156,-30427,8448,7656,8129,-4626,13533,27,1,24424,2020-11-02 15:30:43,2020-11-02 15:31:13,4,DF:DC:EF:28:D6:3E,27,27,7595.5453002310705,33367.36831474419,21580.240599686167
30999,8437,-9461,-24883,-7395,17921,12506,193,12013,-23580,27,1,24450,2020-11-02 15:30:43,2020-11-02 15:31:13,4,DF:DC:EF:28:D6:3E,27,27,24244.443189062407,-13596.484107183138,2683.2393436742677
31000,7158,-4600,25805,7684,31235,-28693,-32066,-9493,-21526,27,1,24475,2020-11-02 15:30:43,2020-11-02 15:31:13,4,DF:DC:EF:28:D6:3E,27,27,-5081.72206562829,25588.8346517214,7594.908229502753
31001,10249,-12290,-28206,-2568,2050,-32530,-28230,22251,-4626,27,1,24501,2020-11-02 15:30:43,2020-11-02 15:31:13,4,DF:DC:EF:28:D6:3E,27,27,-8857.221484023172,29379.651283069215,-10490.484024496098
31002,10483,14842,-8225,-23308,-32254,-8472,13121,28907,26100,27,1,24527,2020-11-02 15:30:43,2020-11-02 15:31:13,4,DF:DC:EF:28:D6:3E,27,27,9646.54513680828,9176.268614239345,14851.570261856034
31003,28908,-24840,-9745,9717,-1026,-8210,-5829,-14100,-8456,27,1,24552,2020-11-02 15:30:43,2020-11-02 15:31:13,4,DF:DC:EF:28:D6:3E,27,27,-32375.8067716445,10405.393281331617,19778.726337809443
31004,24800,29437,-26663,27120,-6151,-2575,31544,-12818,28155,27,1,24578,2020-11-02 15:30:43,2020-11-02 15:31:13,4,DF:DC:EF:28:D6:3E,27,27,-27557.152332293634,-5565.245878162219,37444.945341799634
31005,-30732,-18692,-1313,-13588,-27402,4346,-25547,-31248,-26885,27,1,24604,2020-11-02 15:30:43,2020-11-02 15:31:13,4,DF:DC:EF:28:D6:3E,27,27,4028.376574219623,-24876.359474674962,25700.38090112729
31006,-11021,-11526,2523,-24,-11794,-23043,24115,-16910,1530,27,1,24629,2020-11-02 15:30:43,2020-11-02 15:31:13,4,DF:DC:EF:28:D6:3E,27,27,-1845.7999404826417,9443.309069735893,-12965.09091341662
31007,-4610,12797,21721,19937,8429,18437,-3792,16884,-266,27,1,24655,2020-11-02 15:30:43,2020-11-02 15:31:13,4,DF:DC:EF:28:D6:3E,27,27,21669.28632456296,12797.0,-4847.264298974088
31008,-18943,-22024,-19499,-2081,-22806,-2552,558,-8972,19955,27,1,24680,2020-11-02 15:30:43,2020-11-02 15:31:13,4,DF:DC:EF:28:D6:3E,27,27,-3003.0938159651537,22674.713899951224,-26475.33952733884
31009,27157,-6154,-6443,-14115,-20241,11536,5675,6644,16111,27,1,24706,2020-11-02 15:30:43,2020-11-02 15:31:13,4,DF:DC:EF:28:D6:3E,27,27,1745.878781420407,10973.234722613499,-26332.99529113647
31010,20484,-30510,5132,-10007,24311,-14057,24616,-25615,3564,27,1,24732,2020-11-02 15:30:43,2020-11-02 15:31:13,4,DF:DC:EF:28:D6:3E,27,27,1546.6738251445734,23826.577278469093,-28402.355452880187
31011,-9170,31976,-2303,-22038,-20732,2837,-32731,-5395,18411,27,1,24757,2020-11-02 15:30:43,2020-11-02 15:31:13,4,DF:DC:EF:28:D6:3E,27,27,7486.569013547041,-12459.982645133403,30009.288593506702
31012,-2789,25304,-32257,-6127,12005,8722,5672,27883,9448,27,1,24783,2020-11-02 15:30:43,2020-11-02 15:31:13,4,DF:DC:EF:28:D6:3E,27,27,-7117.6480667873,35747.96083960857,18973.86011878372
30745,32503,30940,-16166,-27662,28402,30168,31935,6650,-26881,27,-1,17946,2020-11-02 15:30:43,2020-11-02 15:31:13,4,DF:DC:EF:28:D6:3E,27,27,12451.817644871984,-4127.791923099509,-45858.278818316416
30746,28390,-31012,11991,-28439,17903,-16926,-28229,-10757,19973,27,-1,17972,2020-11-02 15:30:43,2020-11-02 15:31:13,4,DF:DC:EF:28:D6:3E,27,27,-42846.61321563672,-5201.517046178771,6973.684920322661
30747,24555,-22054,3033,-22301,14839,9207,3140,-12035,-10745,27,-1,17997,2020-11-02 15:30:43,2020-11-02 15:31:13,4,DF:DC:EF:28:D6:3E,27,27,-25568.9716563532,-996.5758686484157,21065.62496045713
30748,-26126,-29478,-14894,-28452,25332,25855,24639,29951,-2041,27,-1,18023,2020-11-02 15:30:43,2020-11-02 15:31:13,4,DF:DC:EF:28:D6:3E,27,27,-38139.103656980784,7996.290290701267,-15963.073320288668
30749,3062,2264,29402,-26662,-19218,23811,-3527,29953,-13562,27,-1,18048,2020-11-02 15:30:43,2020-11-02 15:31:13,4,DF:DC:EF:28:D6:3E,27,27,13430.160439690688,23905.048545382528,11276.461706008311
30750,32251,17626,-8737,-30242,-9495,16649,-26572,18947,3588,27,-1,18074,2020-11-02 15:30:43,2020-11-02 15:31:13,4,DF:DC:EF:28:D6:3E,27,27,-29239.871621319067,-4908.939059836654,-23410.900684843153
30751,18949,-9765,16358,6120,15593,10254,-209,-4605,13312,27,-1,18100,2020-11-02 15:30:43,2020-11-02 15:31:13,4,DF:DC:EF:28:D6:3E,27,27,993.7229672209804,21293.95079980269,16358.0
30752,-31483,-18460,18912,-13338,-20248,15886,2092,-24829,6908,27,-1,18125,2020-11-02 15:30:43,2020-11-02 15:31:13,4,DF:DC:EF:28:D6:3E,27,27,34385.41011732083,19386.045183752416,11464.704802006874
30753,4100,13029,-11548,-7709,238,-26602,-26585,-13311,18936,27,-1,18151,2020-11-02 15:30:43,2020-11-02 15:31:13,4,DF:DC:EF:28:D6:3E,27,27,17328.85572663061,-2695.657541403978,-3516.4377749497203
30754,-12276,3558,-17429,3809,20723,-1770,6691,23806,-16651,27,-1,18177,2020-11-02 15:30:43,2020-11-02 15:31:13,4,DF:DC:EF:28:D6:3E,27,27,9721.70951605308,-18619.55269320926,-5092.170714959056
30755,-17912,-28193,15854,5092,-4367,-1773,-4066,-2566,1780,27,-1,18202,2020-11-02 15:30:43,2020-11-02 15:31:13,4,DF:DC:EF:28:D6:3E,27,27,-17912.0,-28193.0,15854.0
30756,-19177,-31008,-31242,9963,5874,-999,-15333,-11018,-16910,27,-1,18228,2020-11-02 15:30:43,2020-11-02 15:31:13,4,DF:DC:EF:28:D6:3E,27,27,4639.846758414053,47395.26553457582,6121.8121471901295
30757,-1001,27629,8947,4069,-11276,15637,24344,29938,-32526,27,-1,18254,2020-11-02 15:30:43,2020-11-02 15:31:13,4,DF:DC:EF:28:D6:3E,27,27,18022.599891715206,21130.419070832784,-8550.07216543422
30758,-24571,-26914,7429,-19997,-28939,17697,-10990,-787,-8973,27,-1,18279,2020-11-02 15:30:43,2020-11-02 15:31:13,4,DF:DC:EF:28:D6:3E,27,27,-20251.906005924906,16196.456839073711,26661.255915414135
30759,-17106,-29986,4602,25834,-8978,-10977,523,-12312,-4360,27,-1,18304,2020-11-02 15:30:43,2020-11-02 15:31:13,4,DF:DC:EF:28:D6:3E,27,27,2934.0210277236306,-29986.0,-17469.549525070062
30760,-27339,3031,1547,-27397,-18202,-29686,4869,24292,14845,27,-1,18330,2020-11-02 15:30:43,2020-11-02 15:31:13,4,DF:DC:EF:28:D6:3E,27,27,-9705.395380101863,13923.18897225621,-21701.410100699457
30761,-8153,23254,-26622,22803,4576,-20745,18189,16352,21494,27,-1,18356,2020-11-02 15:30:43,2020-11-02 15:31:13,4,DF:DC:EF:28:D6:3E,27,27,-27319.624175495097,23353.44391458187,-4919.918824348928
30762,22044,-15911,-25377,15907,-10026,8441,-12746,28897,1489,27,-1,18381,2020-11-02 15:30:43,2020-11-02 15:31:13,4,DF:DC:EF:28:D6:3E,27,27,-17747.281154892626,-16453.928484253745,28238.13441154101
30763,-727,3556,5850,29727,19163,17411,-23229,21479,6089,27,-1,18407,2020-11-02 15:30:43,2020-11-02 15:31:13,4,DF:DC:EF:28:D6:3E,27,27,5983.827686291488,-3176.802909400915,1223.8850009675516
30764,26927,-22033,-25365,13342,-31257,24061,20924,-24341,27080,27,-1,18432,2020-11-02 15:30:43,2020-11-02 15:31:13,4,DF:DC:EF:28:D6:3E,27,27,19837.437538413604,-15878.670151689932,-34759.797886687586
30765,-26077,-17417,20222,-24028,13545,8176,7359,-24338,-31029,27,-1,18458,2020-11-02 15:30:43,2020-11-02 15:31:13,4,DF:DC:EF:28:D6:3E,27,27,29375.494691698423,6141.8247242650805,22173.16853032972
30766,10525,-13578,-3595,-1496,-4628,12004,26817,-27920,21201,27,-1,18484,2020-11-02 15:30:43,2020-11-02 15:31:13,4,DF:DC:EF:28:D6:3E,27,27,-3517.314861448839,-5715.300501051114,-16218.0630886711
30767,-29169,-13575,3563,-735,-16135,27877,25283,-32016,15319,27,-1,18509,2020-11-02 15:30:43,2020-11-02 15:31:13,4,DF:DC:EF:28:D6:3E,27,27,-10247.383272189327,-5411.023237833262,30224.462254810795
30768,13835,-18947,31465,-28388,-26374,29154,27844,20463,-22820,27,-1,18535,2020-11-02 15:30:43,2020-11-02 15:31:13,4,DF:DC:EF:28:D6:3E,27,27,19537.7182618004,-33778.24918433334,4213.040014478229
30769,28950,-7433,-25899,-749,-14088,30937,-6718,-1555,4068,27,-1,18560,2020-11-02 15:30:43,2020-11-02 15:31:13,4,DF:DC:EF:28:D6:3E,27,27,28950.0,-25809.324075057597,-7738.635589601857
30770,20476,22537,-16428,-19192,26875,-24109,-19780,10989,-17426,27,-1,18586,2020-11-02 15:30:43,2020-11-02 15:31:13,4,DF:DC:EF:28:D6:3E,27,27,-25327.20802798385,21268.44865951204,-10161.090203562357
31132,-28395,-28196,-15358,-1786,5610,19,-18906,24299,13545,27,1,27855,2020-11-02 15:30:43,2020-11-02 15:31:13,4,DF:DC:EF:28:D6:3E,27,27,-25093.3910963436,-7038.744834469471,-34028.464547216536
31133,24645,6642,977,13848,15327,-10734,21298,-3095,5855,27,1,27881,2020-11-02 15:30:43,2020-11-02 15:31:13,4,DF:DC:EF:28:D6:3E,27,27,18964.88534866462,17110.78453748307,-29.9035756449972
31134,-9387,-24594,-30974,11028,15599,-32247,-7366,-25622,-2089,27,1,27907,2020-11-02 15:30:43,2020-11-02 15:31:13,4,DF:DC:EF:28:D6:3E,27,27,9132.549617498831,-39351.91719396082,4515.798007392837
31135,20777,15084,-28416,30239,-2063,26870,-29633,-8212,-29481,27,1,27932,2020-11-02 15:30:43,2020-11-02 15:31:13,4,DF:DC:EF:28:D6:3E,27,27,-28576.745154943263,14540.598591532851,20943.26789088416
31136,17698,2805,-31230,24102,-28937,22008,17476,32494,-24872,27,1,27983,2020-11-02 15:30:43,2020-11-02 15:31:13,4,DF:DC:EF:28:D6:3E,27,27,15111.783129155137,-19990.83852784785,25853.442993359626
31137,-11755,-21503,-25868,-31189,27900,245,-15172,12527,-26662,27,1,27986,2020-11-02 15:30:43,2020-11-02 15:31:13,4,DF:DC:EF:28:D6:3E,27,27,-10187.795076057568,34091.12922521636,-1927.7441837173465
31138,6179,-2543,29675,-8154,-23553,-10004,-10048,-15378,29917,27,1,28009,2020-11-02 15:30:43,2020-11-02 15:31:13,4,DF:DC:EF:28:D6:3E,27,27,17210.504553262042,25005.420103652632,-1944.2256715698184
31139,14858,21523,-6189,-14045,5368,15580,-4927,-20755,-2077,27,1,28035,2020-11-02 15:30:43,2020-11-02 15:31:13,4,DF:DC:EF:28:D6:3E,27,27,-13835.9167846069,21523.0,8223.824641213665
31140,30439,19459,-3118,-7665,9207,-17956,-14402,-28179,12781,27,1,28060,2020-11-02 15:30:43,2020-11-02 15:31:13,4,DF:DC:EF:28:D6:3E,27,27,23385.026134399195,-24825.26001342524,-12318.861309362032
31141,-18195,-28163,8668,4088,1792,-6669,18619,2286,8434,27,1,28086,2020-11-02 15:30:43,2020-11-02 15:31:13,4,DF:DC:EF:28:D6:3E,27,27,-32262.675445567653,-907.2232757480818,-12555.6177475227
31346,14654,25830,21022,30006,-13075,-18716,29500,10734,-24104,27,-1,33335,2020-11-02 15:30:43,2020-11-02 15:31:13,4,DF:DC:EF:28:D6:3E,27,27,-15632.733900279614,-23949.760739015368,-22491.76941343136
31347,11571,18961,16894,14114,-28433,-28687,18498,-14608,-28453,27,-1,33386,2020-11-02 15:30:43,2020-11-02 15:31:13,4,DF:DC:EF:28:D6:3E,27,27,10807.646439992146,19851.91155521137,16367.992669603389
31348,-11785,13302,13553,7990,28665,14041,7494,-17422,-24607,27,-1,33388,2020-11-02 15:30:43,2020-11-02 15:31:13,4,DF:DC:EF:28:D6:3E,27,27,-2726.4424518756823,9608.803994810092,-19993.764911740152
31349,13059,-18934,-16927,-3291,-10752,-7196,27837,8435,3303,27,-1,33412,2020-11-02 15:30:43,2020-11-02 15:31:13,4,DF:DC:EF:28:D6:3E,27,27,28423.72147425497,-434.30752064567235,2731.4099896367043
31350,7939,-16362,-26673,28173,-2293,-21773,5311,25841,12778,27,-1,33438,2020-11-02 15:30:43,2020-11-02 15:31:13,4,DF:DC:EF:28:D6:3E,27,27,8637.005241775822,20445.65189722273,23442.891309544764
31351,30712,-26606,-30245,26875,-5109,22264,15806,25327,-22805,27,-1,33463,2020-11-02 15:30:43,2020-11-02 15:31:13,4,DF:DC:EF:28:D6:3E,27,27,16621.472818418617,-36594.298597027984,30829.371653313443
31352,26889,-15102,-1317,-15370,-16630,-13828,8380,-15379,-26900,27,-1,33489,2020-11-02 15:30:43,2020-11-02 15:31:13,4,DF:DC:EF:28:D6:3E,27,27,4674.711212911896,5375.398632072188,30034.56972593735
31353,26875,-4094,3560,14836,-12794,31225,-27835,12525,17134,27,-1,33514,2020-11-02 15:30:43,2020-11-02 15:31:13,4,DF:DC:EF:28:D6:3E,27,27,6723.661090509335,-14647.73318846788,-22179.63829685749
31354,9206,-24317,24809,-30737,-22009,-8965,19778,23532,-24849,27,-1,33540,2020-11-02 15:30:43,2020-11-02 15:31:13,4,DF:DC:EF:28:D6:3E,27,27,-25483.358381662074,-1968.5529036566586,25264.13764721206
31355,22002,25859,20453,-11282,-4348,28669,-5058,-21781,-22032,27,-1,33566,2020-11-02 15:30:43,2020-11-02 15:31:13,4,DF:DC:EF:28:D6:3E,27,27,28070.498204192096,-22119.0475103345,-17143.39411563571
31356,27887,20991,24539,20975,5119,-4099,-5829,-17685,23025,27,-1,33594,2020-11-02 15:30:43,2020-11-02 15:31:13,4,DF:DC:EF:28:D6:3E,27,27,41849.80006304339,-486.9765001445377,8296.171380317568
31357,6131,-2045,-5163,7913,20982,-23557,2873,-27668,22001,27,-1,33617,2020-11-02 15:30:43,2020-11-02 15:31:13,4,DF:DC:EF:28:D6:3E,27,27,8124.24274768475,907.589503003114,-1265.1940842140793
31358,24321,6909,6876,3557,-7689,32766,-15563,-2835,-27152,27,-1,33643,2020-11-02 15:30:43,2020-11-02 15:31:13,4,DF:DC:EF:28:D6:3E,27,27,-18453.117650135813,16198.727460531103,-9143.761570036786
31359,14854,-19975,-18982,-32541,-782,18172,30770,28911,22255,27,-1,33668,2020-11-02 15:30:43,2020-11-02 15:31:13,4,DF:DC:EF:28:D6:3E,27,27,12269.244166198609,22360.79260870961,18149.89990331845
31360,-5882,-24082,32213,-25886,-4113,-19710,-16337,-11536,-1300,27,-1,33694,2020-11-02 15:30:43,2020-11-02 15:31:13,4,DF:DC:EF:28:D6:3E,27,27,-5274.307755571314,39312.84612806397,-8882.55729003119
31361,-10995,-24343,-29720,-26141,27890,11274,-16595,-10512,-30487,27,-1,33719,2020-11-02 15:30:43,2020-11-02 15:31:13,4,DF:DC:EF:28:D6:3E,27,27,6279.370494452778,-38329.45258002128,9390.02902600923
31362,-14340,-11821,-5887,26342,22517,20238,27691,-27409,-3098,27,-1,33745,2020-11-02 15:30:43,2020-11-02 15:31:13,4,DF:DC:EF:28:D6:3E,27,27,19055.903471945927,3271.4249523509834,2489.725215563846
31363,11083,-18978,-21011,-29450,-30988,-8932,4909,-30996,-16927,27,-1,33771,2020-11-02 15:30:43,2020-11-02 15:31:13,4,DF:DC:EF:28:D6:3E,27,27,-10180.431686252556,23359.44625789482,-16587.78391485941
31364,-24253,15070,14591,7937,-7444,8229,25395,-14359,7385,27,-1,33796,2020-11-02 15:30:43,2020-11-02 15:31:13,4,DF:DC:EF:28:D6:3E,27,27,14738.925307452093,25160.86584944689,-13338.107080372583
31365,15186,-19206,-5369,4610,-18703,26118,-1990,17385,-9008,27,-1,33822,2020-11-02 15:30:43,2020-11-02 15:31:13,4,DF:DC:EF:28:D6:3E,27,27,-24693.58332099972,2911.2107397545697,3172.221271850649
31366,9766,12001,16149,-3812,2288,9475,27967,28650,30926,27,-1,33847,2020-11-02 15:30:43,2020-11-02 15:31:13,4,DF:DC:EF:28:D6:3E,27,27,10325.006767077066,-19472.716157945313,3794.2744618580573
31367,-20457,23279,20747,-20688,-19985,-30227,-15804,5869,-11825,27,-1,33873,2020-11-02 15:30:43,2020-11-02 15:31:13,4,DF:DC:EF:28:D6:3E,27,27,23380.621986228656,29033.569024671586,1112.2428811692253
31368,-26838,11279,7427,-31472,-23299,5390,958,3310,-17202,27,-1,33899,2020-11-02 15:30:43,2020-11-02 15:31:13,4,DF:DC:EF:28:D6:3E,27,27,28161.11119467,-7378.746592845708,7427.0
31369,-22746,-8957,-29705,-29923,-7166,-18943,-31038,31981,-23091,27,-1,33924,2020-11-02 15:30:43,2020-11-02 15:31:13,4,DF:DC:EF:28:D6:3E,27,27,-26082.20231748633,-9492.952105118524,-26638.280210997782
31370,1318,9998,-16663,-18394,-11781,24038,-17467,-26644,-28464,27,-1,33950,2020-11-02 15:30:43,2020-11-02 15:31:13,4,DF:DC:EF:28:D6:3E,27,27,2371.1165088185003,15994.894543543125,-10857.893536158048
31371,4093,524,-5933,-11493,26365,-29732,24260,31722,-15656,27,-1,33975,2020-11-02 15:30:43,2020-11-02 15:31:13,4,DF:DC:EF:28:D6:3E,27,27,-3488.140902264232,3991.0453938343107,4912.447832832955
31372,-25620,-9724,-11049,-5630,-9209,-1299,11200,-21784,-6433,27,-1,34001,2020-11-02 15:30:43,2020-11-02 15:31:13,4,DF:DC:EF:28:D6:3E,27,27,18185.589136038427,-20838.579048154497,10395.140596885529
31373,18946,22020,32229,-8201,17420,-24841,24509,-12314,6626,27,-1,34027,2020-11-02 15:30:43,2020-11-02 15:31:13,4,DF:DC:EF:28:D6:3E,27,27,5864.36935976082,27637.216402962982,32929.21496950835
31374,-16645,-27395,-24345,254,11014,28397,15684,29413,-30233,27,-1,34052,2020-11-02 15:30:43,2020-11-02 15:31:13,4,DF:DC:EF:28:D6:3E,27,27,-29478.877851390174,18575.535096960226,-20153.568703443478
31375,7392,32000,30693,762,23291,-281,4668,17895,-14097,27,-1,34078,2020-11-02 15:30:43,2020-11-02 15:31:13,4,DF:DC:EF:28:D6:3E,27,27,30340.393505619068,-10600.965498297615,-31428.998797736007
31376,27924,27393,2796,-9475,16380,4334,6968,3817,-26893,27,-1,34103,2020-11-02 15:30:43,2020-11-02 15:31:13,4,DF:DC:EF:28:D6:3E,27,27,-27672.831361002194,12996.561679734425,24561.099934050028
30815,-31224,22264,-23068,20217,11506,-29682,19133,-18685,27603,27,1,19738,2020-11-02 15:30:43,2020-11-02 15:31:13,4,DF:DC:EF:28:D6:3E,27,27,-32025.925729730072,-8340.116440234171,-30125.388543837056
30816,5385,-2825,3815,-8456,-2317,-29429,-6725,-11259,-18223,27,1,19764,2020-11-02 15:30:43,2020-11-02 15:31:13,4,DF:DC:EF:28:D6:3E,27,27,1054.6315209077886,-1550.5452713077082,6929.403777868125
30817,-26361,-29450,1769,-16136,-25611,28681,25786,31751,15056,27,1,19790,2020-11-02 15:30:43,2020-11-02 15:31:13,4,DF:DC:EF:28:D6:3E,27,27,-7176.752865109573,-33792.84449716596,-19283.98457538021
30818,20486,30453,-19478,-28423,-15115,25609,-32187,-2808,-17458,27,1,19815,2020-11-02 15:30:43,2020-11-02 15:31:13,4,DF:DC:EF:28:D6:3E,27,27,-16426.111000836514,-29933.908160306783,23676.948887863837
30819,14601,7413,-10773,-6406,28662,-10232,2372,17418,6605,27,1,19841,2020-11-02 15:30:43,2020-11-02 15:31:13,4,DF:DC:EF:28:D6:3E,27,27,-14869.243593328529,-9437.377916856563,8604.695928194476
30820,-17908,10485,-14094,20476,26358,-3834,-16062,28939,-24885,27,1,19866,2020-11-02 15:30:43,2020-11-02 15:31:13,4,DF:DC:EF:28:D6:3E,27,27,14021.86550062113,10046.995802481817,-18213.11857501081
30821,-12526,24819,9981,-2304,16887,-30202,-5311,-27124,14794,27,1,19892,2020-11-02 15:30:43,2020-11-02 15:31:13,4,DF:DC:EF:28:D6:3E,27,27,-29118.497469194914,3985.071316482757,2955.691076387399
30822,2073,21236,2299,7,9727,26373,4930,-2804,1993,27,1,19918,2020-11-02 15:30:43,2020-11-02 15:31:13,4,DF:DC:EF:28:D6:3E,27,27,2073.0,21236.0,2299.0
30823,26649,500,-16649,-28920,12804,11776,12867,18700,-18488,27,1,19943,2020-11-02 15:30:43,2020-11-02 15:31:13,4,DF:DC:EF:28:D6:3E,27,27,27193.853220025067,-11205.360337024424,-11069.898317743115
30824,-18407,-28180,-16906,-20982,-18942,30456,13893,-22517,-26423,27,1,19969,2020-11-02 15:30:43,2020-11-02 15:31:13,4,DF:DC:EF:28:D6:3E,27,27,-34134.91204423468,-1937.1619322881616,15805.001372364868
30825,-11494,-14363,-17930,8974,29954,29681,-19013,4875,-16181,27,1,19994,2020-11-02 15:30:43,2020-11-02 15:31:13,4,DF:DC:EF:28:D6:3E,27,27,15411.951615734042,5587.132372990425,19777.47213980986
30826,25117,-11041,-25107,-8177,6151,-7191,-26177,-25847,-11314,27,1,20020,2020-11-02 15:30:43,2020-11-02 15:31:13,4,DF:DC:EF:28:D6:3E,27,27,16484.947150030104,22850.75340363704,-24273.821399748424
30827,13339,-1833,30946,-22001,-11513,17887,-29245,-23034,-16430,27,1,20046,2020-11-02 15:30:43,2020-11-02 15:31:13,4,DF:DC:EF:28:D6:3E,27,27,-26038.75441678869,15662.38266960705,-14683.894699055827
31377,26603,28157,-24093,27890,-17421,26864,16437,14573,23029,27,-1,34129,2020-11-02 15:30:43,2020-11-02 15:31:13,4,DF:DC:EF:28:D6:3E,27,27,-6228.1732483403275,-22801.038681775943,-39017.065497302785
31378,-13321,22269,-17957,-26391,19697,-7171,28723,25839,8692,27,-1,34155,2020-11-02 15:30:43,2020-11-02 15:31:13,4,DF:DC:EF:28:D6:3E,27,27,24693.3219811216,18278.99652902416,7206.20471736543
31379,-12026,4602,-24869,-5149,23025,-763,24369,28912,21489,27,-1,34180,2020-11-02 15:30:43,2020-11-02 15:31:13,4,DF:DC:EF:28:D6:3E,27,27,18583.129669091246,19400.690264119366,-7908.903209512959
31380,2583,-7950,8670,-10013,-15121,-4854,-22481,-24336,-31251,27,-1,34206,2020-11-02 15:30:43,2020-11-02 15:31:13,4,DF:DC:EF:28:D6:3E,27,27,-10801.105029047183,-4454.210157140088,2922.2304884320306
31381,-7921,-15905,25078,5091,19447,16656,-20691,-21777,234,27,-1,34231,2020-11-02 15:30:43,2020-11-02 15:31:13,4,DF:DC:EF:28:D6:3E,27,27,11028.575702075495,19284.838220555437,21238.71189103977
31382,-28406,3545,31739,-19477,-18958,12574,-24020,-24852,12006,27,-1,34257,2020-11-02 15:30:43,2020-11-02 15:31:13,4,DF:DC:EF:28:D6:3E,27,27,21910.512776656557,15413.18492173182,33304.58140305127
31383,13129,-28705,-12292,-7420,-5659,31521,30259,29161,-13604,27,-1,34283,2020-11-02 15:30:43,2020-11-02 15:31:13,4,DF:DC:EF:28:D6:3E,27,27,-10078.866266609934,25868.11219244519,19408.7134137959
31384,-9124,-15632,30480,-27375,12009,-6652,-21956,-30998,32724,27,-1,34308,2020-11-02 15:30:43,2020-11-02 15:31:13,4,DF:DC:EF:28:D6:3E,27,27,10622.535642137393,33810.26361036167,815.4821453435798
31385,-1512,29159,3597,-13782,-27920,2798,13633,23533,10453,27,-1,34334,2020-11-02 15:30:43,2020-11-02 15:31:13,4,DF:DC:EF:28:D6:3E,27,27,3267.3510352302765,-23423.530161521117,-17496.6992882912
31386,-6097,1036,28698,27140,-24576,-1267,1606,-30483,-13614,27,-1,34360,2020-11-02 15:30:43,2020-11-02 15:31:13,4,DF:DC:EF:28:D6:3E,27,27,-9790.27846295464,-23881.654602330986,13987.098701044824
31387,-18387,15358,-8177,-1754,-26120,-7950,16061,-26643,-6446,27,-1,34385,2020-11-02 15:30:43,2020-11-02 15:31:13,4,DF:DC:EF:28:D6:3E,27,27,14474.002561959274,-20609.409076219752,2562.9610542158835
31388,-20457,-22014,-21265,-11988,-1541,5862,16576,-22547,4568,27,-1,34411,2020-11-02 15:30:43,2020-11-02 15:31:13,4,DF:DC:EF:28:D6:3E,27,27,21828.292203866335,28497.266241196914,8169.256162036226
31389,23299,-23022,8404,4638,30723,28139,5058,17388,9693,27,-1,34436,2020-11-02 15:30:43,2020-11-02 15:31:13,4,DF:DC:EF:28:D6:3E,27,27,7550.604780878411,-30850.109240894,-11607.85200921699
31390,-27390,5397,-9259,19722,29446,-17680,-8767,-32022,-17184,27,-1,34462,2020-11-02 15:30:43,2020-11-02 15:31:13,4,DF:DC:EF:28:D6:3E,27,27,2608.8737097013945,17415.51255043507,23557.64187206494
31391,-23035,23560,-18470,-11779,10495,22764,10942,27113,26085,27,-1,34488,2020-11-02 15:30:43,2020-11-02 15:31:13,4,DF:DC:EF:28:D6:3E,27,27,16424.680684230236,-24235.304351726016,-23868.50670654291
31392,18432,-23293,-19228,4090,11521,-3347,4421,23785,10731,27,-1,34513,2020-11-02 15:30:43,2020-11-02 15:31:13,4,DF:DC:EF:28:D6:3E,27,27,20953.21372081357,-10478.353606801658,26517.643135481263
31393,17143,3074,-22811,-12809,0,19949,-32193,-8727,23024,27,-1,34539,2020-11-02 15:30:43,2020-11-02 15:31:13,4,DF:DC:EF:28:D6:3E,27,27,9222.253989199355,-24121.055958955138,12521.914261950978
30599,29179,23819,-32008,17919,5886,-17666,-22993,-27892,-3520,27,1,14207,2020-11-02 15:30:43,2020-11-02 15:31:13,4,DF:DC:EF:28:D6:3E,27,27,10403.354818424952,8654.596864465793,-47540.91950767816
30600,-15105,-10490,-777,26623,-259,6143,28463,-8436,-18624,27,1,14233,2020-11-02 15:30:43,2020-11-02 15:31:13,4,DF:DC:EF:28:D6:3E,27,27,16000.785273990665,-4051.197469624798,-8146.62652131231
30601,2820,23556,31736,-29185,12287,-27905,19503,1549,-27328,27,1,14259,2020-11-02 15:30:43,2020-11-02 15:31:13,4,DF:DC:EF:28:D6:3E,27,27,19194.96239034583,20304.722585400705,-28094.178962253507
30602,-20985,-29438,22009,-5632,-26112,-31235,27439,9997,-18624,27,1,14284,2020-11-02 15:30:43,2020-11-02 15:31:13,4,DF:DC:EF:28:D6:3E,27,27,9715.741423436464,-34876.3668823717,21922.717707417727
30603,19211,-10243,7669,-22526,-12286,-7945,17456,-22259,-27071,27,1,14310,2020-11-02 15:30:43,2020-11-02 15:31:13,4,DF:DC:EF:28:D6:3E,27,27,4742.519000295867,-19349.066694212248,11658.355913024734
30604,20234,-26888,13298,-5885,-9978,-11281,12082,-19954,-8893,27,1,14335,2020-11-02 15:30:43,2020-11-02 15:31:13,4,DF:DC:EF:28:D6:3E,27,27,-9296.345526594614,12807.874238868328,32538.476014274198
30605,16135,24305,23787,-508,16139,8680,-18123,-753,-32069,27,1,14361,2020-11-02 15:30:43,2020-11-02 15:31:13,4,DF:DC:EF:28:D6:3E,27,27,24431.364685668206,9599.03293995536,-26978.873312529868
30606,-13308,13801,17379,27652,4367,19426,-8902,-19952,-8511,27,1,14387,2020-11-02 15:30:43,2020-11-02 15:31:13,4,DF:DC:EF:28:D6:3E,27,27,25868.11598008757,579.9851971202514,322.95326575151194
30607,22019,-11041,-3878,-16638,-27631,-23844,-12736,2320,-21815,27,1,14412,2020-11-02 15:30:43,2020-11-02 15:31:13,4,DF:DC:EF:28:D6:3E,27,27,-21647.869089464468,-4165.051023750685,11653.370321712171
30608,17919,16086,-7982,-24832,-20718,26070,-17479,-11763,-8751,27,1,14438,2020-11-02 15:30:43,2020-11-02 15:31:13,4,DF:DC:EF:28:D6:3E,27,27,-21144.298114703088,1371.221527200256,13949.93511669162
30609,7929,-17715,30668,14078,-29165,-7471,-14403,1290,-29479,27,1,14463,2020-11-02 15:30:43,2020-11-02 15:31:13,4,DF:DC:EF:28:D6:3E,27,27,-31560.953911975488,17604.77819576056,3345.812732989189
30610,-24078,10702,-1592,-11270,-22257,-5426,-9281,-25851,-29216,27,1,14489,2020-11-02 15:30:43,2020-11-02 15:31:13,4,DF:DC:EF:28:D6:3E,27,27,-1913.7153718382199,9192.572991273957,24670.866366540322
30611,3822,9171,7119,-522,-16377,-11314,2496,-8447,31207,27,1,14515,2020-11-02 15:30:43,2020-11-02 15:31:13,4,DF:DC:EF:28:D6:3E,27,27,7680.807965044635,6365.623921087654,7062.514219411069
30612,20718,-6691,25550,18417,-10752,-16941,-27714,-23553,13550,27,1,14540,2020-11-02 15:30:43,2020-11-02 15:31:13,4,DF:DC:EF:28:D6:3E,27,27,26095.63960674936,-21064.496682471752,-1453.2990156161686
30613,26865,10466,8663,-5910,24058,2009,-20805,18943,26612,27,1,14566,2020-11-02 15:30:43,2020-11-02 15:31:13,4,DF:DC:EF:28:D6:3E,27,27,11395.517792829467,27175.198492824034,6161.469882172708
30614,-13840,-4638,2016,-4378,-5641,-22055,-11452,28160,16890,27,1,14591,2020-11-02 15:30:43,2020-11-02 15:31:13,4,DF:DC:EF:28:D6:3E,27,27,-1456.3681878170232,5127.48925989923,-13737.130180322692
30615,14825,-7715,32741,-5403,17910,-7718,29505,-20990,-10753,27,1,14617,2020-11-02 15:30:43,2020-11-02 15:31:13,4,DF:DC:EF:28:D6:3E,27,27,15375.372566105674,30112.32016632997,-14426.400232001133
30616,-21792,2268,-14609,-25879,-14,-3098,-17602,-5883,-2557,27,1,14643,2020-11-02 15:30:43,2020-11-02 15:31:13,4,DF:DC:EF:28:D6:3E,27,27,-23674.973377288577,-4306.925180036411,-10695.980557117957
30617,-29726,5346,7916,14058,-16651,-1541,5180,31240,13317,27,1,14668,2020-11-02 15:30:43,2020-11-02 15:31:13,4,DF:DC:EF:28:D6:3E,27,27,1806.8111764877108,-16794.38154937994,-26259.51312850956
30618,-18454,-4894,15856,7659,-23048,-32244,29240,7945,-18429,27,1,14694,2020-11-02 15:30:43,2020-11-02 15:31:13,4,DF:DC:EF:28:D6:3E,27,27,4164.404128517721,-13362.50513478364,20494.27439011358
30619,244,-32282,20974,26094,-27146,-24814,-20684,-30968,-13312,27,1,14719,2020-11-02 15:30:43,2020-11-02 15:31:13,4,DF:DC:EF:28:D6:3E,27,27,38190.80392533458,-461.3493837543756,-4831.706560083941
30620,6905,20970,22511,-26129,30964,16402,9009,30215,-25859,27,1,14745,2020-11-02 15:30:43,2020-11-02 15:31:13,4,DF:DC:EF:28:D6:3E,27,27,23164.40203447062,-15174.420678875342,15076.885667999673
30621,-12556,-30229,10735,-16145,9714,28182,-13267,-1531,10746,27,1,14771,2020-11-02 15:30:43,2020-11-02 15:31:13,4,DF:DC:EF:28:D6:3E,27,27,-25583.347942788583,1505.3898567932092,23019.81562517996
30622,18685,20462,-24593,22511,-13324,-18149,-17366,9987,-12298,27,1,14796,2020-11-02 15:30:43,2020-11-02 15:31:13,4,DF:DC:EF:28:D6:3E,27,27,-33291.366355049315,-15725.129602809002,-4128.38263594234
30623,19468,18929,16114,18159,-13576,-17640,7464,-27137,26868,27,1,14822,2020-11-02 15:30:43,2020-11-02 15:31:13,4,DF:DC:EF:28:D6:3E,27,27,-6390.2645768683105,-2301.0812437030013,-30835.70340931921
30624,-31235,-17422,-2832,1519,-30732,-16621,-9947,-20740,-28942,27,1,14848,2020-11-02 15:30:43,2020-11-02 15:31:13,4,DF:DC:EF:28:D6:3E,27,27,19557.577296473653,24529.32882123834,-17406.456585762204
30625,14850,-11799,-20744,-7954,-6410,-32740,-18397,3833,-29968,27,1,14873,2020-11-02 15:30:43,2020-11-02 15:31:13,4,DF:DC:EF:28:D6:3E,27,27,-4181.587053379819,16723.07036746964,22201.479324578013
30626,1551,21741,19196,25842,7678,8224,-24287,2804,4080,27,1,14899,2020-11-02 15:30:43,2020-11-02 15:31:13,4,DF:DC:EF:28:D6:3E,27,27,1551.0,-28738.446661126778,3906.300104391772
31490,23818,9982,-6427,23293,23812,7661,-5959,-30232,30440,27,-1,37023,2020-11-02 15:30:43,2020-11-02 15:31:13,4,DF:DC:EF:28:D6:3E,27,27,-1327.062612050474,4433.852007642871,-26207.3203170034
31491,-24594,30207,-13100,-27132,3326,747,11585,-2328,9967,27,-1,37048,2020-11-02 15:30:43,2020-11-02 15:31:13,4,DF:DC:EF:28:D6:3E,27,27,-12733.8748893764,-21051.06219280693,32918.670930890934
31492,-17443,-23552,5609,-26123,20481,29432,-5060,-28182,-1294,27,-1,37074,2020-11-02 15:30:43,2020-11-02 15:31:13,4,DF:DC:EF:28:D6:3E,27,27,15646.410874906152,-23552.0,9534.618856232193
31493,16633,-10227,32474,-7435,1521,26346,-32198,32747,-9484,27,-1,37099,2020-11-02 15:30:43,2020-11-02 15:31:13,4,DF:DC:EF:28:D6:3E,27,27,-25786.96964465305,-22843.01434585719,15780.931092324832
31494,-30741,4096,6105,24046,-1547,-8199,25655,-26130,11510,27,-1,37125,2020-11-02 15:30:43,2020-11-02 15:31:13,4,DF:DC:EF:28:D6:3E,27,27,-7895.592414296351,12583.267353981892,27899.432344144923
31495,21494,-2819,7898,31716,-10766,9987,-2764,14320,29428,27,-1,37176,2020-11-02 15:30:43,2020-11-02 15:31:13,4,DF:DC:EF:28:D6:3E,27,27,-3203.312197300797,890.9676307525142,-22831.16660724053
31496,-14330,-19463,31190,3042,7408,26885,30258,16369,-30735,27,-1,37178,2020-11-02 15:30:43,2020-11-02 15:31:13,4,DF:DC:EF:28:D6:3E,27,27,-14598.59816515578,36624.482877358016,1581.6303545454134
31497,6932,-29454,-11305,30178,19184,25861,4912,-3343,18670,27,-1,37202,2020-11-02 15:30:43,2020-11-02 15:31:13,4,DF:DC:EF:28:D6:3E,27,27,-2706.079269038959,30137.482890740517,-11305.0
31498,29956,-1059,-1551,-9758,21749,-7153,-13779,31729,-3862,27,-1,37227,2020-11-02 15:30:43,2020-11-02 15:31:13,4,DF:DC:EF:28:D6:3E,27,27,6955.060483554843,-969.6208091032087,29181.774914433285
31499,-19952,-24619,-10237,-21267,2036,14874,-27604,-10258,8935,27,-1,37253,2020-11-02 15:30:43,2020-11-02 15:31:13,4,DF:DC:EF:28:D6:3E,27,27,-20456.04148629681,12264.012201680838,-23240.439011084258
31500,3394,-13333,23790,-25600,-27158,-486,23345,492,992,27,-1,37279,2020-11-02 15:30:43,2020-11-02 15:31:13,4,DF:DC:EF:28:D6:3E,27,27,3394.0,26719.361760350148,-5459.734070404722
31501,3923,32487,-18928,2059,14319,-14315,24888,-7446,12248,27,-1,37304,2020-11-02 15:30:43,2020-11-02 15:31:13,4,DF:DC:EF:28:D6:3E,27,27,27175.186240806168,26070.968386856548,-3298.202866566216
31502,-28847,-8226,18415,24587,-18958,-20203,-20673,27627,-6702,27,-1,37330,2020-11-02 15:30:43,2020-11-02 15:31:13,4,DF:DC:EF:28:D6:3E,27,27,26207.07747649667,-20932.896167181992,-10673.87737398543
31503,-14806,4084,15631,29216,21491,-29962,-8381,-13332,-8495,27,-1,37356,2020-11-02 15:30:43,2020-11-02 15:31:13,4,DF:DC:EF:28:D6:3E,27,27,13792.888477188682,6946.689084403532,-15547.494692729902
31504,-32233,-14852,-2052,-31967,-13314,-21253,15291,-32275,31443,27,-1,37407,2020-11-02 15:30:43,2020-11-02 15:31:13,4,DF:DC:EF:28:D6:3E,27,27,1681.1794740456824,22683.20438273853,27320.409431539614
31505,-28637,778,-26121,13598,-31743,-22791,6591,15597,-29996,27,-1,37409,2020-11-02 15:30:43,2020-11-02 15:31:13,4,DF:DC:EF:28:D6:3E,27,27,-21571.261058376884,6046.674572989855,31640.292618111343
31506,-27618,9232,-22549,4384,-6656,-12568,5825,14060,9688,27,-1,37432,2020-11-02 15:30:43,2020-11-02 15:31:13,4,DF:DC:EF:28:D6:3E,27,27,-16122.872082174006,19240.101258842726,26950.18828081416
31507,-26630,-16370,31703,-10986,15361,-13346,18367,-16406,-25121,27,-1,37458,2020-11-02 15:30:43,2020-11-02 15:31:13,4,DF:DC:EF:28:D6:3E,27,27,-36150.024080405565,23906.266927258563,-10192.1621645636
31508,-26395,-26361,-18218,-30462,-28407,-24333,-6213,-21527,-23835,27,-1,37484,2020-11-02 15:30:43,2020-11-02 15:31:13,4,DF:DC:EF:28:D6:3E,27,27,6438.681928863499,37788.20162480587,-15940.171359867678
31668,-3562,20486,-31247,10271,-15355,-22793,-4421,-3091,8661,27,1,41581,2020-11-02 15:30:43,2020-11-02 15:31:13,4,DF:DC:EF:28:D6:3E,27,27,-19162.931408276883,8071.313390128986,-31247.0
31669,3617,-8691,-2316,-24807,-25848,755,10942,20972,3287,27,1,41606,2020-11-02 15:30:43,2020-11-02 15:31:13,4,DF:DC:EF:28:D6:3E,27,27,-4789.434267148587,-2746.920539484914,7968.423492160717
31670,-1,-22270,22748,-28136,-18433,-26388,-8258,21483,27867,27,1,41632,2020-11-02 15:30:43,2020-11-02 15:31:13,4,DF:DC:EF:28:D6:3E,27,27,2517.342683496052,-7961.706073771154,-30719.678175539608
31671,2805,-8193,11482,7175,-29946,-11274,21950,-24086,-14626,27,1,41657,2020-11-02 15:30:43,2020-11-02 15:31:13,4,DF:DC:EF:28:D6:3E,27,27,10609.038189600344,7584.10795809905,6062.937668449191
31672,-12296,-24069,26341,22265,12811,-16131,29373,16873,29407,27,1,41683,2020-11-02 15:30:43,2020-11-02 15:31:13,4,DF:DC:EF:28:D6:3E,27,27,27006.406193886818,-26318.41562368381,-1533.5193346768294
31673,-9220,-6152,-31253,-7432,23816,8444,3772,-11801,-17185,27,1,41709,2020-11-02 15:30:43,2020-11-02 15:31:13,4,DF:DC:EF:28:D6:3E,27,27,-19016.874870579686,-26769.386206356758,4622.114807275055
31674,-19717,-14342,-23054,-20998,-14337,-30990,-444,23783,-11038,27,1,41734,2020-11-02 15:30:43,2020-11-02 15:31:13,4,DF:DC:EF:28:D6:3E,27,27,4321.810289367334,-33275.219752133555,147.22523540328805
31675,-3848,-3336,3830,-17156,-10504,20461,-1985,-24344,-8217,27,1,41760,2020-11-02 15:30:43,2020-11-02 15:31:13,4,DF:DC:EF:28:D6:3E,27,27,117.92748385413164,-6357.98240848711,408.7209340372737
31676,14331,2299,503,-13316,-15881,-11283,14908,-7958,-12053,27,1,41786,2020-11-02 15:30:43,2020-11-02 15:31:13,4,DF:DC:EF:28:D6:3E,27,27,-3849.357256306672,-5012.924001744522,13075.511946614284
31677,-26369,-20996,19956,-19461,-22791,-27664,-23751,9197,27630,27,1,41811,2020-11-02 15:30:43,2020-11-02 15:31:13,4,DF:DC:EF:28:D6:3E,27,27,24183.40166885553,30109.538642377403,6555.675363071108
31678,-30977,-7179,5362,18681,-15110,23026,-30921,6639,14576,27,1,41837,2020-11-02 15:30:43,2020-11-02 15:31:13,4,DF:DC:EF:28:D6:3E,27,27,15370.144894217648,-16335.268744246874,23168.54019967564
30908,-15074,24044,29649,17912,7917,-238,-21060,-783,-20249,27,-1,22120,2020-11-02 15:30:43,2020-11-02 15:31:13,4,DF:DC:EF:28:D6:3E,27,27,12154.469359959276,21550.215134555157,-32745.37700549805
30909,4640,-15634,29654,27383,-21009,18196,10685,6133,-29468,27,-1,22145,2020-11-02 15:30:43,2020-11-02 15:31:13,4,DF:DC:EF:28:D6:3E,27,27,33423.507680799936,-4757.257199168972,-2355.612500489471
30910,-32736,19954,10714,-28938,-16398,22036,7613,-26121,-30751,27,-1,22171,2020-11-02 15:30:43,2020-11-02 15:31:13,4,DF:DC:EF:28:D6:3E,27,27,9223.850895074018,37405.92561498264,10015.733200910823
30911,4641,-7436,-11295,-23306,4340,20498,-26948,-13831,-21026,27,-1,22197,2020-11-02 15:30:43,2020-11-02 15:31:13,4,DF:DC:EF:28:D6:3E,27,27,5384.364370610174,-12776.598458374016,3489.577934074311
30912,18714,-18699,-15901,30712,-5645,-22512,-1861,-12549,16348,27,-1,22222,2020-11-02 15:30:43,2020-11-02 15:31:13,4,DF:DC:EF:28:D6:3E,27,27,14226.850984846918,13847.422355674875,23633.74289355192
30913,-16102,-22278,-9240,-31241,-22027,7180,7355,-29187,8154,27,-1,22248,2020-11-02 15:30:43,2020-11-02 15:31:13,4,DF:DC:EF:28:D6:3E,27,27,-11181.00623635191,-25300.938106097798,8706.831713893875
30914,-3311,-16392,9198,-23046,-15883,-13309,10938,-2,7897,27,-1,22273,2020-11-02 15:30:43,2020-11-02 15:31:13,4,DF:DC:EF:28:D6:3E,27,27,12176.520076814184,-11753.229824329881,-8823.69177359589
30915,-13305,-2315,-19984,-11779,7926,-16640,-17991,30208,-4392,27,-1,22299,2020-11-02 15:30:43,2020-11-02 15:31:13,4,DF:DC:EF:28:D6:3E,27,27,-23058.766540861117,-528.3096114383552,-7053.841546882507
30916,-5628,12788,6132,21505,-29959,-24829,-17479,-23295,-27944,27,-1,22325,2020-11-02 15:30:43,2020-11-02 15:31:13,4,DF:DC:EF:28:D6:3E,27,27,10417.412392341164,5983.0041005538615,9406.90878985506
30917,-15105,4088,2803,-30207,15097,16131,698,-26622,2776,27,-1,22351,2020-11-02 15:30:43,2020-11-02 15:31:13,4,DF:DC:EF:28:D6:3E,27,27,11994.604287492979,4088.0,9599.33862234555
30918,-7684,2039,27378,-13052,25339,-250,-30534,29443,16855,27,-1,22376,2020-11-02 15:30:43,2020-11-02 15:31:13,4,DF:DC:EF:28:D6:3E,27,27,28132.644762093678,226.12235713692368,-4610.7947654874015
30919,-31745,-26371,-26386,18690,18685,23561,-8262,5124,-3883,27,-1,22401,2020-11-02 15:30:43,2020-11-02 15:31:13,4,DF:DC:EF:28:D6:3E,27,27,-31745.0,-36451.36551318987,7934.014697732304
31290,-20439,-26641,-23286,-23256,-15629,28661,-18624,-17428,22739,27,1,31901,2020-11-02 15:30:43,2020-11-02 15:31:13,4,DF:DC:EF:28:D6:3E,27,27,-19544.25694813132,-20535.694933060808,-29428.568635964628
31291,-27599,23051,1816,-23795,17150,-29434,-32699,493,-22831,27,1,31927,2020-11-02 15:30:43,2020-11-02 15:31:13,4,DF:DC:EF:28:D6:3E,27,27,27999.7965953675,-854.5105503492401,22619.293984061227
31292,32038,-17658,-19197,-24024,-31751,-14867,26556,30701,32467,27,1,31952,2020-11-02 15:30:43,2020-11-02 15:31:13,4,DF:DC:EF:28:D6:3E,27,27,-7333.953697509685,14264.882638385552,38072.16126615181
31293,-9957,-26617,-5398,22823,-13567,22759,-22594,-2324,-19752,27,1,31978,2020-11-02 15:30:43,2020-11-02 15:31:13,4,DF:DC:EF:28:D6:3E,27,27,13468.456050100376,-23927.651909995395,9100.17075117869
31294,-12800,5136,-8492,-3301,10504,-5653,-26177,19435,-1315,27,1,32004,2020-11-02 15:30:43,2020-11-02 15:31:13,4,DF:DC:EF:28:D6:3E,27,27,14003.749327504274,3069.6531533994157,-7536.8955339880185
31295,-31254,-17907,5596,-22519,-25593,-22037,-17219,-19735,5603,27,1,32029,2020-11-02 15:30:43,2020-11-02 15:31:13,4,DF:DC:EF:28:D6:3E,27,27,31366.414714234972,18517.503201727195,-1427.7549329794492
31296,22810,10002,-29743,31994,-8961,-16658,-4422,-20760,-16410,27,1,32055,2020-11-02 15:30:43,2020-11-02 15:31:13,4,DF:DC:EF:28:D6:3E,27,27,16745.40128666246,12554.583724520962,32664.294210232616
31297,-27916,4863,15591,2811,6912,-27673,-8897,-24087,26350,27,1,32081,2020-11-02 15:30:43,2020-11-02 15:31:13,4,DF:DC:EF:28:D6:3E,27,27,-2152.685439229218,-26583.32674713587,18295.45819198692
31298,-18960,-17664,-16927,-8203,-28679,-6679,-31430,-23061,28403,27,1,32106,2020-11-02 15:30:43,2020-11-02 15:31:13,4,DF:DC:EF:28:D6:3E,27,27,11145.816885583588,-4262.139540602847,28559.179916262816
31299,-31505,15355,5626,25583,-23302,-524,-15818,19950,29685,27,1,32132,2020-11-02 15:30:43,2020-11-02 15:31:13,4,DF:DC:EF:28:D6:3E,27,27,6972.81883457746,-28063.777983536536,20586.33257263012
31300,-22054,-23290,12224,-1307,17382,21233,17205,-19728,31733,27,1,32157,2020-11-02 15:30:43,2020-11-02 15:31:13,4,DF:DC:EF:28:D6:3E,27,27,27264.934187302,-16967.834341881942,12122.093610781216
31301,7957,-18182,7660,-23582,-16904,15368,-19407,-2575,31475,27,1,32183,2020-11-02 15:30:43,2020-11-02 15:31:13,4,DF:DC:EF:28:D6:3E,27,27,20554.35599154489,-2217.595815265224,-5017.498537414906
31302,8180,-9992,-21798,1513,-18199,-25353,23087,12532,25329,27,1,32234,2020-11-02 15:30:43,2020-11-02 15:31:13,4,DF:DC:EF:28:D6:3E,27,27,-18279.885581729606,-5918.65225278563,-16514.254649528382
31303,9742,-19728,-22057,28129,-18961,1038,16173,-26380,-4883,27,1,32236,2020-11-02 15:30:43,2020-11-02 15:31:13,4,DF:DC:EF:28:D6:3E,27,27,-12997.135407813357,28266.11813489609,-1647.0682363105097
31304,21014,10725,4609,-13346,22775,5901,-6615,8179,-11286,27,1,32260,2020-11-02 15:30:43,2020-11-02 15:31:13,4,DF:DC:EF:28:D6:3E,27,27,11303.25055698777,299.3224717718653,-21213.28911092875
31305,-8427,-11558,24836,-31502,-15373,-24551,8232,16112,-1561,27,1,32285,2020-11-02 15:30:43,2020-11-02 15:31:13,4,DF:DC:EF:28:D6:3E,27,27,6865.110677548707,-27143.58742991288,6125.7249219731075
31306,-27820,-28433,13268,-29680,-26400,28442,-5075,15597,225,27,1,32311,2020-11-02 15:30:43,2020-11-02 15:31:13,4,DF:DC:EF:28:D6:3E,27,27,23641.76325186465,-28433.0,19775.21818698298
31307,31064,10747,-22295,23571,-5142,25613,-32458,24813,31449,27,1,32337,2020-11-02 15:30:43,2020-11-02 15:31:13,4,DF:DC:EF:28:D6:3E,27,27,16809.954634811533,29289.278166962886,20906.954336628023
31308,7753,13033,20249,26141,14837,-15102,3388,28910,29142,27,1,32362,2020-11-02 15:30:43,2020-11-02 15:31:13,4,DF:DC:EF:28:D6:3E,27,27,7613.557552020393,20207.751122914127,13178.415494908179
31309,-9916,-20723,-6378,-13820,-22023,11279,-6335,-7443,8402,27,1,32388,2020-11-02 15:30:43,2020-11-02 15:31:13,4,DF:DC:EF:28:D6:3E,27,27,4681.700105642396,-23364.830558803827,-784.2487355519618
31310,14653,9729,-2027,16662,-26624,2310,-22459,21485,22992,27,1,32413,2020-11-02 15:30:43,2020-11-02 15:31:13,4,DF:DC:EF:28:D6:3E,27,27,1917.7999983463328,17393.397131286896,-2695.2473726327053
31311,-7901,-5886,-5629,8993,22529,2033,-5189,-14612,18642,27,1,32439,2020-11-02 15:30:43,2020-11-02 15:31:13,4,DF:DC:EF:28:D6:3E,27,27,-7491.651813345409,7013.4086754429845,-4841.868426425846
31312,22038,13064,-7701,1052,17159,24051,14526,-29205,-31019,27,1,32465,2020-11-02 15:30:43,2020-11-02 15:31:13,4,DF:DC:EF:28:D6:3E,27,27,4374.5915316464225,20308.872729569706,-16854.06711703105
31313,-31989,32520,10727,-31463,12040,-22039,-24130,-14103,-15399,27,-1,32490,2020-11-02 15:30:43,2020-11-02 15:31:13,4,DF:DC:EF:28:D6:3E,27,27,-25590.442360285142,14671.233785584638,-36411.52577156913
31314,-28683,26114,-20265,-15345,24329,-4118,30140,6888,-1569,27,-1,32516,2020-11-02 15:30:43,2020-11-02 15:31:13,4,DF:DC:EF:28:D6:3E,27,27,-41406.182977832825,-12025.046114861812,7500.132474941612
31315,12013,-18426,-543,13055,-8446,-21015,-15037,-19481,-10778,27,-1,32542,2020-11-02 15:30:43,2020-11-02 15:31:13,4,DF:DC:EF:28:D6:3E,27,27,-1683.5718509541996,15900.080154322295,-15115.473228079924
31316,-23051,19718,483,8701,9987,239,14142,8680,-16660,27,-1,32570,2020-11-02 15:30:43,2020-11-02 15:31:13,4,DF:DC:EF:28:D6:3E,27,27,-8885.862301934805,1357.410904775007,28975.51208842825
31317,10211,-16896,31956,-26884,-22019,-21777,27705,-32535,-22287,27,-1,32593,2020-11-02 15:30:43,2020-11-02 15:31:13,4,DF:DC:EF:28:D6:3E,27,27,9794.346404157535,-34188.304488065216,-12089.49493348279
31318,-24582,-766,-8217,-18701,2300,26870,26678,20459,23027,27,-1,32618,2020-11-02 15:30:43,2020-11-02 15:31:13,4,DF:DC:EF:28:D6:3E,27,27,-20783.336579890223,-15315.571933364905,-2422.1366519917833
31319,-13585,-511,-20254,-531,-31758,-25355,6196,9710,24563,27,-1,32644,2020-11-02 15:30:43,2020-11-02 15:31:13,4,DF:DC:EF:28:D6:3E,27,27,23742.653450284666,1838.066631506228,5286.376849774222
31320,-11018,8963,20952,-14104,9711,30972,17970,-29968,-13327,27,-1,32670,2020-11-02 15:30:43,2020-11-02 15:31:13,4,DF:DC:EF:28:D6:3E,27,27,-1683.8656987754212,24748.270332500582,5040.407608314953
31321,14087,-9218,-23595,-28702,28142,31492,1072,-3599,-7442,27,-1,32695,2020-11-02 15:30:43,2020-11-02 15:31:13,4,DF:DC:EF:28:D6:3E,27,27,-145.44095519470557,-16834.30841848135,-23595.0
31322,-10720,-8203,6108,-3104,-1041,-26362,-24275,16626,18667,27,-1,32721,2020-11-02 15:30:43,2020-11-02 15:31:13,4,DF:DC:EF:28:D6:3E,27,27,4661.693277607571,-1411.2704675133234,13992.576762449193
31323,24847,20957,-24064,5348,-24588,15883,6187,-12815,8936,27,-1,32746,2020-11-02 15:30:43,2020-11-02 15:31:13,4,DF:DC:EF:28:D6:3E,27,27,-34429.987421706486,4812.931115758753,20665.357829374592
31324,-7657,-27943,-30202,-11785,-26894,-30447,7210,-10769,18917,27,-1,32772,2020-11-02 15:30:43,2020-11-02 15:31:13,4,DF:DC:EF:28:D6:3E,27,27,-30541.7377562729,-6067.105652409013,-27964.15895087068
31325,5202,-22032,24811,23821,-25367,11794,-22481,2030,13023,27,-1,32797,2020-11-02 15:30:43,2020-11-02 15:31:13,4,DF:DC:EF:28:D6:3E,27,27,-25181.699035734313,-5803.694409458335,-21453.54781557865
31326,5435,-2832,-19431,-28406,-1038,-6643,-32715,-27667,730,27,-1,32823,2020-11-02 15:30:43,2020-11-02 15:31:13,4,DF:DC:EF:28:D6:3E,27,27,-9779.15580486655,17829.52627174758,1264.6401342703864
31327,-30232,-13315,3803,-25307,-30974,-6139,-3013,13805,6615,27,-1,32849,2020-11-02 15:30:43,2020-11-02 15:31:13,4,DF:DC:EF:28:D6:3E,27,27,19870.09985876473,6302.235728782945,25907.273388405225
31328,-19655,14328,-22254,-17636,28409,7931,28737,7405,16596,27,-1,32874,2020-11-02 15:30:43,2020-11-02 15:31:13,4,DF:DC:EF:28:D6:3E,27,27,27149.727744469415,-17810.03220767695,5704.924290706887
31329,-26584,5376,12546,1827,-9217,5630,3398,27117,28373,27,-1,32900,2020-11-02 15:30:43,2020-11-02 15:31:13,4,DF:DC:EF:28:D6:3E,27,27,-1083.1990547720134,-9478.816207799337,-28319.45040262084
31330,-4071,-13309,-13832,-1241,-2051,-16148,-3652,21229,31960,27,-1,32926,2020-11-02 15:30:43,2020-11-02 15:31:13,4,DF:DC:EF:28:D6:3E,27,27,-12172.791596603462,-5768.180361895981,14268.075765789083
31331,7161,28677,19676,-17630,-7420,25064,-7234,27116,-18211,27,-1,32951,2020-11-02 15:30:43,2020-11-02 15:31:13,4,DF:DC:EF:28:D6:3E,27,27,-957.5538633008999,-32511.521493235843,14243.570015755926
31332,16881,31243,-32549,-23024,-6134,-31250,-11586,-19222,11746,27,-1,32977,2020-11-02 15:30:43,2020-11-02 15:31:13,4,DF:DC:EF:28:D6:3E,27,27,44816.371780194386,4438.303642825871,17097.51128771307
31333,32253,-21492,-32039,2816,22793,31987,25533,-6168,6117,27,-1,33002,2020-11-02 15:30:43,2020-11-02 15:31:13,4,DF:DC:EF:28:D6:3E,27,27,1081.4981034440134,-17192.296002645668,47243.146741190525
31334,27646,-3062,28887,-17673,-21502,29937,-7611,-12057,2281,27,-1,33028,2020-11-02 15:30:43,2020-11-02 15:31:13,4,DF:DC:EF:28:D6:3E,27,27,-28039.72979124725,22653.16667757746,17571.099046779498
31335,4075,-21500,15333,-3341,-12538,-10765,27711,-28185,15598,27,-1,33054,2020-11-02 15:30:43,2020-11-02 15:31:13,4,DF:DC:EF:28:D6:3E,27,27,-24189.797322476767,-8798.98566271193,-7168.547328774897
30975,-27343,-20505,21253,-19938,-5906,-1804,-31426,-7185,4056,27,1,23835,2020-11-02 15:30:43,2020-11-02 15:31:13,4,DF:DC:EF:28:D6:3E,27,27,-3300.8117873443,-26196.51072233913,-30374.8605020484
30976,-17890,12014,-15108,-21980,-26634,-25606,32067,-1039,-1320,27,1,23861,2020-11-02 15:30:43,2020-11-02 15:31:13,4,DF:DC:EF:28:D6:3E,27,27,-17890.0,-11079.510445455495,-15806.084533781368
30977,1588,-21503,32503,17186,29441,2814,11452,7410,7129,27,1,23886,2020-11-02 15:30:43,2020-11-02 15:31:13,4,DF:DC:EF:28:D6:3E,27,27,33012.207486368505,-20709.95632727758,-1624.0775225371399
30978,14884,-21502,22246,16936,-1794,-28186,5824,23025,12252,27,1,23912,2020-11-02 15:30:43,2020-11-02 15:31:13,4,DF:DC:EF:28:D6:3E,27,27,29721.056569512148,7957.920514530062,15234.312372938944
30979,-15869,-25335,22994,15390,-22269,-1565,3010,-18705,-26911,27,1,23938,2020-11-02 15:30:43,2020-11-02 15:31:13,4,DF:DC:EF:28:D6:3E,27,27,11025.74212249512,25993.81422345313,-25003.320874732675
30980,32522,-11768,23757,-6386,-2555,-3605,14786,-20499,-18971,27,1,23963,2020-11-02 15:30:43,2020-11-02 15:31:13,4,DF:DC:EF:28:D6:3E,27,27,26640.75933938397,20671.37603525205,24970.4928191302
30981,10766,-7939,25549,-3838,-17919,2791,15039,20460,-10262,27,1,23989,2020-11-02 15:30:43,2020-11-02 15:31:13,4,DF:DC:EF:28:D6:3E,27,27,-23888.486939952847,321.33567898096044,16153.105370210276
30982,24822,-13319,25571,20729,19209,-21272,-15431,15851,-5392,27,1,24015,2020-11-02 15:30:43,2020-11-02 15:31:13,4,DF:DC:EF:28:D6:3E,27,27,-8993.255387391462,28794.304217330897,-23182.16746072193
30983,21481,12799,-25388,15351,-11773,-22806,-7360,-13078,-28938,27,1,24040,2020-11-02 15:30:43,2020-11-02 15:31:13,4,DF:DC:EF:28:D6:3E,27,27,17634.809011751335,8681.136990109359,29722.881382497373
30984,-8980,4601,10983,19701,20744,-27402,-1733,-7446,30202,27,1,24066,2020-11-02 15:30:43,2020-11-02 15:31:13,4,DF:DC:EF:28:D6:3E,27,27,414.1351637184876,14820.00757927509,-1622.2692182251312
30985,-22296,-29956,-23347,-25361,-10763,-7446,-713,-28692,23805,27,1,24091,2020-11-02 15:30:43,2020-11-02 15:31:13,4,DF:DC:EF:28:D6:3E,27,27,-3903.008817147313,41310.268051416184,14757.51458387939
30986,19445,29430,14824,5613,10483,22515,26676,-20497,10494,27,1,24117,2020-11-02 15:30:43,2020-11-02 15:31:13,4,DF:DC:EF:28:D6:3E,27,27,-1217.1694320292265,-16735.26881898185,34386.52609860652
30987,29949,-18436,19927,-6424,-1301,-8966,-24782,-11534,26364,27,1,24143,2020-11-02 15:30:43,2020-11-02 15:31:13,4,DF:DC:EF:28:D6:3E,27,27,-10181.097545749031,-7151.986722765249,38459.17789918725
30988,-4099,25847,29650,22495,-16149,28170,4144,-32268,3321,27,1,24168,2020-11-02 15:30:43,2020-11-02 15:31:13,4,DF:DC:EF:28:D6:3E,27,27,27269.37344554829,25847.0,12341.214400828865
30989,-21247,4594,-15652,14813,29674,8973,45,28148,-10764,27,1,24194,2020-11-02 15:30:43,2020-11-02 15:31:13,4,DF:DC:EF:28:D6:3E,27,27,17769.553955010924,-19171.793186179908,-5848.952664050295
30990,9236,13030,-23587,-6943,10477,22807,14379,-29454,-5649,27,1,24219,2020-11-02 15:30:43,2020-11-02 15:31:13,4,DF:DC:EF:28:D6:3E,27,27,23393.84851438097,16025.20512632809,-2711.4234905862822
30680,20488,14066,-12057,12845,17651,31743,446,8690,-5154,27,-1,16281,2020-11-02 15:30:43,2020-11-02 15:31:13,4,DF:DC:EF:28:D6:3E,27,27,924.0979787976393,14066.0,-23754.482438596347
30681,-990,-12282,-7453,26900,27404,3857,9412,-31246,-23588,27,-1,16307,2020-11-02 15:30:43,2020-11-02 15:31:13,4,DF:DC:EF:28:D6:3E,27,27,9461.334653255852,-10396.876503819152,-3124.5701373842157
30682,7196,-8180,-31508,21007,7699,-19192,-16440,497,-29480,27,-1,16333,2020-11-02 15:30:43,2020-11-02 15:31:13,4,DF:DC:EF:28:D6:3E,27,27,26250.294971236508,-260.93409793300447,20550.00747736144
30683,22027,-16890,-26388,18958,32005,27639,-29237,32239,-31273,27,-1,16358,2020-11-02 15:30:43,2020-11-02 15:31:13,4,DF:DC:EF:28:D6:3E,27,27,-11456.445410056423,33586.34435789433,14404.676471178935
30684,18946,-11780,4074,-17654,0,3826,11212,-4371,18393,27,-1,16384,2020-11-02 15:30:43,2020-11-02 15:31:13,4,DF:DC:EF:28:D6:3E,27,27,-17374.42174429982,12368.571008237752,-7711.336606930218
30685,18946,-29705,26604,-11004,-8705,30194,32715,-31508,-31269,27,-1,16410,2020-11-02 15:30:43,2020-11-02 15:31:13,4,DF:DC:EF:28:D6:3E,27,27,-5057.860931668187,43132.04644717152,-7947.035238058428
30686,-19707,11761,-15381,29445,-3586,23023,4810,4587,16862,27,-1,16435,2020-11-02 15:30:43,2020-11-02 15:31:13,4,DF:DC:EF:28:D6:3E,27,27,-2493.2413290623067,-22813.827335084647,-15381.0
30687,28157,-22284,13038,-7417,30454,26344,-22074,-6679,-22301,27,-1,16461,2020-11-02 15:30:43,2020-11-02 15:31:13,4,DF:DC:EF:28:D6:3E,27,27,-19821.050990418764,-26967.944127385614,18418.43305434605
30688,9205,3834,-9475,24589,-16911,-17182,14785,-1815,1772,27,-1,16486,2020-11-02 15:30:43,2020-11-02 15:31:13,4,DF:DC:EF:28:D6:3E,27,27,9205.0,7020.086147851591,7429.237610733838
30689,-9244,-13822,-9235,5903,4345,-20763,-10308,-18198,12020,27,-1,16512,2020-11-02 15:30:43,2020-11-02 15:31:13,4,DF:DC:EF:28:D6:3E,27,27,10438.46942857498,13810.917494160745,-7879.172479276634
31636,22765,-28155,-1576,4605,21235,29155,28097,-24343,20195,27,1,40762,2020-11-02 15:30:43,2020-11-02 15:31:13,4,DF:DC:EF:28:D6:3E,27,27,-4433.689045297913,-16752.58472761525,-31829.64549588445
31637,22507,9986,20181,-28428,-17164,-14103,5050,-1302,-17174,27,1,40787,2020-11-02 15:30:43,2020-11-02 15:31:13,4,DF:DC:EF:28:D6:3E,27,27,-285.9727458852776,-24621.199495325385,20181.0
31638,12781,-31494,16341,10474,9969,-7181,16961,32749,8174,27,1,40813,2020-11-02 15:30:43,2020-11-02 15:31:13,4,DF:DC:EF:28:D6:3E,27,27,21794.280444585638,30698.654562821957,2203.684627001561
31639,18669,12009,23500,-13345,-16658,18180,29245,-32528,-31507,27,1,40838,2020-11-02 15:30:43,2020-11-02 15:31:13,4,DF:DC:EF:28:D6:3E,27,27,-24692.63719511217,7977.272064915459,-19277.822510669666
31640,-257,4070,-19500,-25638,-11789,14098,-26566,-22543,-18711,27,1,40864,2020-11-02 15:30:43,2020-11-02 15:31:13,4,DF:DC:EF:28:D6:3E,27,27,3666.339804945045,-11696.982814041698,-15704.123486609773
31641,-242,17882,-30265,-7462,-19975,20755,-21705,-4624,-29211,27,1,40889,2020-11-02 15:30:43,2020-11-02 15:31:13,4,DF:DC:EF:28:D6:3E,27,27,21002.79686986676,-6465.264697907989,27438.614925485934
31642,5387,-8242,27894,3813,-29708,32535,-1483,11760,-18720,27,1,40915,2020-11-02 15:30:43,2020-11-02 15:31:13,4,DF:DC:EF:28:D6:3E,27,27,-24053.87543287092,4896.518833918637,-16506.385096955935
31643,-32488,16319,-22269,30199,27381,30500,7480,21230,10970,27,1,40941,2020-11-02 15:30:43,2020-11-02 15:31:13,4,DF:DC:EF:28:D6:3E,27,27,-5680.204486112063,42154.51827604966,2901.7463552398203
31644,5718,-2866,5342,9994,-13586,12837,6720,8173,29392,27,1,40966,2020-11-02 15:30:43,2020-11-02 15:31:13,4,DF:DC:EF:28:D6:3E,27,27,-4805.744332701881,-5059.890195322854,-4555.082504190171
31645,21324,1248,-4102,17931,28652,22019,-7100,13551,-821,27,1,40992,2020-11-02 15:30:43,2020-11-02 15:31:13,4,DF:DC:EF:28:D6:3E,27,27,-11844.113225643447,-2777.416701958553,-18030.524738948105
31646,-14895,-23081,4813,-25328,14324,5379,-8774,-7183,16076,27,1,41017,2020-11-02 15:30:43,2020-11-02 15:31:13,4,DF:DC:EF:28:D6:3E,27,27,18717.73267289193,-20664.02463841712,-634.9207265825341
31647,9556,-24596,7457,26649,15348,18948,22206,-782,-5944,27,1,41043,2020-11-02 15:30:43,2020-11-02 15:31:13,4,DF:DC:EF:28:D6:3E,27,27,24767.318916951124,4546.608962249256,-10853.361765390016
31648,-5856,-15111,-8450,-29400,7151,19170,-9023,-23308,-27955,27,1,41068,2020-11-02 15:30:43,2020-11-02 15:31:13,4,DF:DC:EF:28:D6:3E,27,27,5026.5431687180435,17549.069839595104,-895.3036010356909
31649,19477,31747,32231,24090,-10746,19452,-31291,-7181,976,27,1,41094,2020-11-02 15:30:43,2020-11-02 15:31:13,4,DF:DC:EF:28:D6:3E,27,27,-22786.737201439497,-21901.66489476657,37777.56717352089
31650,-7140,-24047,-16159,21268,30220,24576,31177,31730,-16434,27,1,41120,2020-11-02 15:30:43,2020-11-02 15:31:13,4,DF:DC:EF:28:D6:3E,27,27,-12076.74626209844,27238.28858489712,-1605.903075143274
31651,-1525,3851,-20771,-13043,-19191,-10504,18636,-15632,4302,27,1,41145,2020-11-02 15:30:43,2020-11-02 15:31:13,4,DF:DC:EF:28:D6:3E,27,27,-18557.541593341703,-881.2574169968134,-10170.118110247337
31652,-12022,-14337,10983,25094,-26365,29933,-18228,-25618,1743,27,1,41171,2020-11-02 15:30:43,2020-11-02 15:31:13,4,DF:DC:EF:28:D6:3E,27,27,1160.5150207297702,15743.443472282106,14882.927619313294
31653,4611,7928,-16667,21514,7419,4839,3531,19948,3283,27,1,41197,2020-11-02 15:30:43,2020-11-02 15:31:13,4,DF:DC:EF:28:D6:3E,27,27,-6916.902576158461,7928.0,15849.500583675575
31654,-5139,31488,-17436,-9211,9978,-15131,10183,-26902,25305,27,1,41222,2020-11-02 15:30:43,2020-11-02 15:31:13,4,DF:DC:EF:28:D6:3E,27,27,13336.687321741572,-33032.81507669776,-7272.101511309279
31655,-26901,519,11234,-4099,18173,-3858,-30014,-13847,6367,27,1,41248,2020-11-02 15:30:43,2020-11-02 15:31:13,4,DF:DC:EF:28:D6:3E,27,27,13179.367732263368,860.1127784492583,-25994.23763425508
31656,12268,14344,25053,-27406,24057,-12302,-27715,7914,29667,27,1,41274,2020-11-02 15:30:43,2020-11-02 15:31:13,4,DF:DC:EF:28:D6:3E,27,27,-26609.505149764034,-9939.76896543434,-13305.720484004987
30865,13332,9937,30470,-29458,-264,-12776,-4058,-26897,4846,27,-1,21019,2020-11-02 15:30:43,2020-11-02 15:31:13,4,DF:DC:EF:28:D6:3E,27,27,14345.3952786789,9937.0,-30006.211995159552
30866,25128,3293,-2567,-3837,-31769,27924,-17111,-23572,25321,27,-1,21045,2020-11-02 15:30:43,2020-11-02 15:31:13,4,DF:DC:EF:28:D6:3E,27,27,8885.119333035314,15954.899851974787,-17757.97136925209
30867,29006,26601,9454,10258,21988,19215,22834,-15637,6881,27,-1,21070,2020-11-02 15:30:43,2020-11-02 15:31:13,4,DF:DC:EF:28:D6:3E,27,27,19514.68763246334,-20817.781852487715,28707.77383130945
30868,12860,13297,-32020,-237,-23059,11776,313,21741,29404,27,-1,21096,2020-11-02 15:30:43,2020-11-02 15:31:13,4,DF:DC:EF:28:D6:3E,27,27,7857.652978847065,20313.267372225844,29884.756437496366
30869,4924,-30233,30980,-24806,498,-27647,-18371,-15378,23514,27,-1,21121,2020-11-02 15:30:43,2020-11-02 15:31:13,4,DF:DC:EF:28:D6:3E,27,27,11606.400257782236,-39040.5222482978,15465.107844315751
30870,-31961,-6675,22014,18468,24820,10234,-2750,-3088,-32038,27,-1,21147,2020-11-02 15:30:43,2020-11-02 15:31:13,4,DF:DC:EF:28:D6:3E,27,27,-2665.307576213725,-32541.623830475604,22014.0
30871,6428,764,-24586,29987,19198,-3336,14011,-27407,-18469,27,-1,21172,2020-11-02 15:30:43,2020-11-02 15:31:13,4,DF:DC:EF:28:D6:3E,27,27,-916.5574280427533,-22391.47773399088,-12006.495049317693
30872,3864,-25856,2803,35,8196,11250,17599,-1552,-27171,27,-1,21198,2020-11-02 15:30:43,2020-11-02 15:31:13,4,DF:DC:EF:28:D6:3E,27,27,-21598.37826306204,-13548.636845439834,-6423.747896366976
30873,-22756,-241,-2591,30240,10755,32230,27842,25327,-17184,27,-1,21224,2020-11-02 15:30:43,2020-11-02 15:31:13,4,DF:DC:EF:28:D6:3E,27,27,-7238.854783426685,-11483.74673389732,-18448.01995814627
30874,25338,-9203,17105,21011,3840,10715,28353,23277,-26137,27,-1,21249,2020-11-02 15:30:43,2020-11-02 15:31:13,4,DF:DC:EF:28:D6:3E,27,27,-5609.189994211134,-22513.09348254957,21931.440615126627
30875,26612,-16639,1751,-12287,8453,30444,-6211,2028,-8211,27,-1,21275,2020-11-02 15:30:43,2020-11-02 15:31:13,4,DF:DC:EF:28:D6:3E,27,27,8053.461576683699,-26454.502343867905,14947.305053793703
30876,-15855,10491,-20520,-23557,13319,25587,-12102,2283,9713,27,-1,21301,2020-11-02 15:30:43,2020-11-02 15:31:13,4,DF:DC:EF:28:D6:3E,27,27,10808.022662320116,-25781.75594643877,-1000.1062188808646
30877,-24327,14325,2004,27378,6148,-17182,-5312,-12566,16119,27,-1,21327,2020-11-02 15:30:43,2020-11-02 15:31:13,4,DF:DC:EF:28:D6:3E,27,27,-16480.275356604805,1587.1128100348324,-22954.43676282884
30878,28122,4848,27621,32497,-254,-2829,-25798,-11285,19452,27,-1,21352,2020-11-02 15:30:43,2020-11-02 15:31:13,4,DF:DC:EF:28:D6:3E,27,27,-23628.894945087217,27684.064208624834,15891.429815053427
30879,3840,28935,-32285,20208,-20483,23800,-15561,-29204,16125,27,-1,21377,2020-11-02 15:30:43,2020-11-02 15:31:13,4,DF:DC:EF:28:D6:3E,27,27,42327.588228895096,6991.544389543346,-7334.4823794285085
30880,-16932,-17666,4051,26096,-7694,-24093,10292,-13841,31743,27,-1,21403,2020-11-02 15:30:43,2020-11-02 15:31:13,4,DF:DC:EF:28:D6:3E,27,27,-7153.22046956552,-21484.64990032937,-10120.871334725385
30881,-13601,27642,-10796,1256,11502,-8199,-29391,9715,-7426,27,-1,21428,2020-11-02 15:30:43,2020-11-02 15:31:13,4,DF:DC:EF:28:D6:3E,27,27,21997.700469951167,-586.5051373638416,24111.784810713536
30882,26878,14842,30922,-3354,6630,-9713,21296,30196,25082,27,-1,21454,2020-11-02 15:30:43,2020-11-02 15:31:13,4,DF:DC:EF:28:D6:3E,27,27,-37281.0397781698,-14009.472617392432,17684.475735544223
30883,11033,19959,-30255,20703,9448,21769,26926,-11276,21749,27,-1,21480,2020-11-02 15:30:43,2020-11-02 15:31:13,4,DF:DC:EF:28:D6:3E,27,27,3061.9447586090614,35870.00000230955,11807.683478546465
31394,-28949,-18439,-25870,-19210,17923,-3340,-1478,-5910,4596,27,1,34564,2020-11-02 15:30:43,2020-11-02 15:31:13,4,DF:DC:EF:28:D6:3E,27,27,6127.6429244035035,-18439.0,-38337.36419201257
31395,16359,-19196,14804,-13596,30456,28921,-8905,20204,-12556,27,1,34590,2020-11-02 15:30:43,2020-11-02 15:31:13,4,DF:DC:EF:28:D6:3E,27,27,7217.6140443157165,10759.338025530496,-26218.398230244162
31396,25095,7679,-31513,-2844,-28671,20736,-16589,-27412,-28428,27,1,34618,2020-11-02 15:30:43,2020-11-02 15:31:13,4,DF:DC:EF:28:D6:3E,27,27,31793.06575260209,11916.600461966722,-22999.80083567192
31397,4593,8957,-31776,12522,20720,17908,-23760,-30738,2036,27,1,34641,2020-11-02 15:30:43,2020-11-02 15:31:13,4,DF:DC:EF:28:D6:3E,27,27,27720.130672662475,18193.470178829357,3410.2305409699065
31398,16387,9212,-2599,7144,-18453,-26110,29231,-19472,-528,27,1,34667,2020-11-02 15:30:43,2020-11-02 15:31:13,4,DF:DC:EF:28:D6:3E,27,27,-14872.368833050725,120.8518626377436,11787.601712010735
31399,-6630,7663,4840,-4128,-6669,-26106,16173,21489,-7699,27,1,34692,2020-11-02 15:30:43,2020-11-02 15:31:13,4,DF:DC:EF:28:D6:3E,27,27,-2462.6384708477804,-10212.234660263592,-3968.594714204445
31400,-29176,-27168,6144,-16414,-16389,-17647,-4055,2288,-24853,27,1,34718,2020-11-02 15:30:43,2020-11-02 15:31:13,4,DF:DC:EF:28:D6:3E,27,27,39631.51647484254,-4322.279711481504,6144.0
31401,12311,5095,2291,26101,26353,23060,809,15853,-20504,27,1,34744,2020-11-02 15:30:43,2020-11-02 15:31:13,4,DF:DC:EF:28:D6:3E,27,27,3728.567097731176,-4615.009302399157,-12147.75302418047
31402,-32729,1010,1506,-24065,13288,10517,-29395,17643,25058,27,1,34769,2020-11-02 15:30:43,2020-11-02 15:31:13,4,DF:DC:EF:28:D6:3E,27,27,-22183.859474495155,-23913.886033005594,3236.975535321733
31403,-1985,-29718,30191,28926,-24086,2581,-4813,16362,20698,27,1,34795,2020-11-02 15:30:43,2020-11-02 15:31:13,4,DF:DC:EF:28:D6:3E,27,27,-23801.846997468256,33411.28034172574,-10758.933749945798
31404,-1979,5852,14355,26635,-30739,22286,10554,29418,11987,27,1,34820,2020-11-02 15:30:43,2020-11-02 15:31:13,4,DF:DC:EF:28:D6:3E,27,27,13402.36769247972,-7856.052902605942,1699.2183576670175
31405,16905,-17934,25848,30759,756,-10754,-32192,25836,-10288,27,1,34846,2020-11-02 15:30:43,2020-11-02 15:31:13,4,DF:DC:EF:28:D6:3E,27,27,-27073.99623917271,-13125.041167710708,19242.10245755804
31406,-9668,-6659,16149,-26348,-15882,-7427,-7099,-32531,27342,27,1,34872,2020-11-02 15:30:43,2020-11-02 15:31:13,4,DF:DC:EF:28:D6:3E,27,27,372.6757834683522,-14853.659710148007,13335.389457212794
31407,23585,-7678,30467,14626,15870,6138,-4932,3054,21456,27,1,34897,2020-11-02 15:30:43,2020-11-02 15:31:13,4,DF:DC:EF:28:D6:3E,27,27,-22265.453610437842,10929.477778990191,30467.0
31408,-21728,-18934,-25870,-15834,-1798,29673,8896,-19,-27181,27,1,34923,2020-11-02 15:30:43,2020-11-02 15:31:13,4,DF:DC:EF:28:D6:3E,27,27,5469.798273564138,-23986.04835953669,-29910.03227916149
31409,20221,-31474,-7213,-18914,20989,27105,-19776,7661,13786,27,1,34949,2020-11-02 15:30:43,2020-11-02 15:31:13,4,DF:DC:EF:28:D6:3E,27,27,-36009.72231281709,6253.616251124658,-10757.372761853703
30894,-24805,-16635,2778,-4578,10244,28915,26317,31984,16087,27,-1,21761,2020-11-02 15:30:43,2020-11-02 15:31:13,4,DF:DC:EF:28:D6:3E,27,27,-4571.479314944094,-21191.857807543558,-20730.05724878475
30895,-28656,25605,1488,-17131,3326,-24092,26319,-12307,-5671,27,-1,21787,2020-11-02 15:30:43,2020-11-02 15:31:13,4,DF:DC:EF:28:D6:3E,27,27,30429.806134049322,-15610.422799194585,-17588.010224995895
30896,29185,-10510,18141,28680,16633,-5669,17100,18154,19680,27,-1,21812,2020-11-02 15:30:43,2020-11-02 15:31:13,4,DF:DC:EF:28:D6:3E,27,27,32704.267828029355,7582.516892024782,12816.259571914215
30897,15871,-16661,-29723,22784,-29702,30946,13253,6632,5353,27,-1,21838,2020-11-02 15:30:43,2020-11-02 15:31:13,4,DF:DC:EF:28:D6:3E,27,27,6235.283085409534,33960.46986125167,-14857.38949640287
30898,-14087,-11540,-25363,254,-5120,-2072,4030,10471,-4880,27,-1,21864,2020-11-02 15:30:43,2020-11-02 15:31:13,4,DF:DC:EF:28:D6:3E,27,27,-28953.46717044716,-11540.0,-1849.8856207447918
30899,-12820,10993,24308,-28415,-15355,-1049,-32701,-31514,-9224,27,-1,21889,2020-11-02 15:30:43,2020-11-02 15:31:13,4,DF:DC:EF:28:D6:3E,27,27,-9921.053637680749,-21919.125571478504,17239.54587278965
30900,1238,30707,9192,26374,26628,-30487,-29124,-9754,29953,27,-1,21915,2020-11-02 15:30:43,2020-11-02 15:31:13,4,DF:DC:EF:28:D6:3E,27,27,-7560.873702864416,25192.953075449732,18360.110598455587
30901,-18991,-22541,24045,-28929,28407,32761,9530,-31000,-19964,27,-1,21941,2020-11-02 15:30:43,2020-11-02 15:31:13,4,DF:DC:EF:28:D6:3E,27,27,6432.328873198137,33656.67368502968,16515.757588631906
30902,15590,-5136,26612,761,-27144,6924,-8389,-29207,-7167,27,-1,21966,2020-11-02 15:30:43,2020-11-02 15:31:13,4,DF:DC:EF:28:D6:3E,27,27,28586.353378796768,-8210.873203336594,-9645.05581846386
30903,-26635,-14350,10993,26101,23038,-28654,-9666,8681,-14340,27,-1,21992,2020-11-02 15:30:43,2020-11-02 15:31:13,4,DF:DC:EF:28:D6:3E,27,27,1041.6346029123024,-1321.1605481046818,32145.937630751225
30904,-1031,31731,-23058,32500,-9732,7185,-11455,-12312,20983,27,-1,22017,2020-11-02 15:30:43,2020-11-02 15:31:13,4,DF:DC:EF:28:D6:3E,27,27,-35356.90633784942,7321.138728279681,15358.410983491332
30905,-6913,-1807,-27675,-10249,9207,26895,-17596,-29719,18674,27,-1,22043,2020-11-02 15:30:43,2020-11-02 15:31:13,4,DF:DC:EF:28:D6:3E,27,27,-24011.78236273582,5560.772148440545,14473.16702998127
30906,-28403,748,17878,-9993,-22289,17678,24762,-18453,9454,27,-1,22069,2020-11-02 15:30:43,2020-11-02 15:31:13,4,DF:DC:EF:28:D6:3E,27,27,5153.025070520074,32162.1997071032,8121.086111044671
30907,-25320,-5911,-9777,-23048,26861,-14065,-20805,-14354,-7446,27,-1,22094,2020-11-02 15:30:43,2020-11-02 15:31:13,4,DF:DC:EF:28:D6:3E,27,27,4291.08780633193,1594.0880447081124,-27398.49446126681
31274,31261,29716,16369,-10477,-10488,5626,-3394,8684,-31529,27,1,31492,2020-11-02 15:30:43,2020-11-02 15:31:13,4,DF:DC:EF:28:D6:3E,27,27,-19797.054818471333,37834.170776782266,-17461.016011324074
31275,30988,21273,20452,-14574,29192,9711,-13889,17642,4058,27,1,31517,2020-11-02 15:30:43,2020-11-02 15:31:13,4,DF:DC:EF:28:D6:3E,27,27,-34608.71746740117,9744.25931957148,23202.738255959048
31276,-4614,4628,32731,13833,-7676,32493,-30531,-10008,5599,27,1,31543,2020-11-02 15:30:43,2020-11-02 15:31:13,4,DF:DC:EF:28:D6:3E,27,27,-14039.99712245032,-30073.76183967537,3531.7234620043514
31277,20221,-18162,-3102,3068,6403,7153,13126,17640,-10013,27,1,31568,2020-11-02 15:30:43,2020-11-02 15:31:13,4,DF:DC:EF:28:D6:3E,27,27,-3243.516024365498,24260.537007303632,12217.832742222945
31278,32258,-20727,23015,29942,18687,9200,19777,21224,16872,27,1,31594,2020-11-02 15:30:43,2020-11-02 15:31:13,4,DF:DC:EF:28:D6:3E,27,27,-905.5440431951274,-39525.20403533482,20900.13286921845
31279,6133,-27644,-19997,-2315,-31747,3056,-9669,30697,-7956,27,1,31620,2020-11-02 15:30:43,2020-11-02 15:31:13,4,DF:DC:EF:28:D6:3E,27,27,-32241.87587565716,-8573.735723811087,9414.718782680797
31280,-2579,-13574,32741,-16650,-8449,-775,3896,-12822,23023,27,1,31645,2020-11-02 15:30:43,2020-11-02 15:31:13,4,DF:DC:EF:28:D6:3E,27,27,8485.469628897412,30591.32522794328,-15970.141639173424
31281,-7690,15872,-26130,-1817,-13060,-13317,5685,7660,25327,27,1,31671,2020-11-02 15:30:43,2020-11-02 15:31:13,4,DF:DC:EF:28:D6:3E,27,27,29099.887805626116,9410.124275904196,-7647.187379161767
31282,-7181,17667,-24613,-22037,18934,-7437,-9423,17645,-273,27,1,31696,2020-11-02 15:30:43,2020-11-02 15:31:13,4,DF:DC:EF:28:D6:3E,27,27,3134.5293991050316,-11165.604511304331,28896.2527041706
31283,-18939,8189,21472,-17434,-25351,-1022,21551,-32274,-24082,27,1,31722,2020-11-02 15:30:43,2020-11-02 15:31:13,4,DF:DC:EF:28:D6:3E,27,27,24539.70525822761,-11373.985102160896,12459.035064367468
31284,-29172,-18694,-28700,-29208,-21260,2047,-2516,-1810,-15636,27,1,31748,2020-11-02 15:30:43,2020-11-02 15:31:13,4,DF:DC:EF:28:D6:3E,27,27,-4858.570581326054,34305.47349777106,-28700.0
31285,14607,-4631,3829,490,-3855,21766,-11989,29935,-27415,27,1,31773,2020-11-02 15:30:43,2020-11-02 15:31:13,4,DF:DC:EF:28:D6:3E,27,27,-5161.138600274515,-2299.285463938042,14749.501201873898
31286,-229,-18465,5641,18931,-28166,-24825,-28118,-22034,-27673,27,1,31799,2020-11-02 15:30:43,2020-11-02 15:31:13,4,DF:DC:EF:28:D6:3E,27,27,-7680.694776333086,-3040.858270996361,17452.49712014079
31287,26389,-28182,-11283,-21499,-7957,-30959,1837,-24339,-1053,27,1,31824,2020-11-02 15:30:43,2020-11-02 15:31:13,4,DF:DC:EF:28:D6:3E,27,27,-25788.00406552921,-28182.0,-12596.200074476785
31288,-16832,6893,23791,28168,492,16926,-1229,-10773,26844,27,1,31850,2020-11-02 15:30:43,2020-11-02 15:31:13,4,DF:DC:EF:28:D6:3E,27,27,24246.692263819903,17527.83449960866,-1309.3074573776014
31289,21844,238,-17899,-26616,9200,10769,-30661,23275,-25900,27,1,31876,2020-11-02 15:30:43,2020-11-02 15:31:13,4,DF:DC:EF:28:D6:3E,27,27,-6106.561648871768,-19291.607377820732,19701.14135294048
31054,-10920,31733,14569,-25592,25838,-20719,11325,-15127,-17965,27,-1,25858,2020-11-02 15:30:43,2020-11-02 15:31:13,4,DF:DC:EF:28:D6:3E,27,27,27314.15899543292,-1041.8745196608634,-24317.41486789853
31055,5180,-18203,-31737,30232,26350,13819,-32703,31467,19665,27,-1,25884,2020-11-02 15:30:43,2020-11-02 15:31:13,4,DF:DC:EF:28:D6:3E,27,27,-30137.957697361537,-21229.26000147208,-2537.873838854856
31056,21019,6891,-27143,17189,-30737,5879,-32443,31470,723,27,-1,25909,2020-11-02 15:30:43,2020-11-02 15:31:13,4,DF:DC:EF:28:D6:3E,27,27,7008.957029253717,27982.797707208658,19846.013323574905
31057,801,-1282,30206,-14047,-22021,764,-25667,-24337,-5933,27,-1,25935,2020-11-02 15:30:43,2020-11-02 15:31:13,4,DF:DC:EF:28:D6:3E,27,27,-27283.83596359919,1733.3838040871694,12933.492826732449
31058,-470,21506,-7695,-13273,24828,18419,10178,-29457,-23339,27,-1,25961,2020-11-02 15:30:43,2020-11-02 15:31:13,4,DF:DC:EF:28:D6:3E,27,27,-22344.013469640096,-1812.693387130323,4404.67544239024
31059,17174,-24819,17118,25894,3069,-20763,6085,30958,6362,27,-1,25986,2020-11-02 15:30:43,2020-11-02 15:31:13,4,DF:DC:EF:28:D6:3E,27,27,32065.366984096836,-1539.8551957159414,13167.993284909404
31060,-2561,-29431,-11056,22295,-24833,24033,-2620,32236,27872,27,-1,26012,2020-11-02 15:30:43,2020-11-02 15:31:13,4,DF:DC:EF:28:D6:3E,27,27,-28728.451632162938,11763.652046793835,-5591.974189893725
31061,-10745,7937,16598,5381,-12801,11237,15553,-790,12519,27,-1,26037,2020-11-02 15:30:43,2020-11-02 15:31:13,4,DF:DC:EF:28:D6:3E,27,27,21198.456870875678,-2115.181652078696,309.8884837059659
31062,-21761,13567,-15138,15097,24837,-17435,7355,3818,5102,27,-1,26063,2020-11-02 15:30:43,2020-11-02 15:31:13,4,DF:DC:EF:28:D6:3E,27,27,-21761.0,20068.46915173499,3237.1405446568324
31063,-1552,15868,-17693,21496,21506,27109,30528,-10775,25589,27,-1,26089,2020-11-02 15:30:43,2020-11-02 15:31:13,4,DF:DC:EF:28:D6:3E,27,27,-20015.22617984667,-4103.883827141054,-12239.00467778776
31064,-12822,-26120,6360,24571,26360,15846,-3014,-6421,16635,27,-1,26114,2020-11-02 15:30:43,2020-11-02 15:31:13,4,DF:DC:EF:28:D6:3E,27,27,28860.92870753035,-295.97295651397513,-7353.01830188548
31065,26349,15095,-8484,12782,-19209,-7439,13623,-11026,-23555,27,-1,26140,2020-11-02 15:30:43,2020-11-02 15:31:13,4,DF:DC:EF:28:D6:3E,27,27,-898.4310528581696,-1151.7101748046546,31495.61028645916
31066,3056,-12044,-23585,30692,3827,4092,2868,9969,6909,27,-1,26165,2020-11-02 15:30:43,2020-11-02 15:31:13,4,DF:DC:EF:28:D6:3E,27,27,303.914268940418,-21817.906073668408,-15314.565213473008
31067,6908,16123,-28191,6116,23791,2559,12081,-8718,-4358,27,-1,26191,2020-11-02 15:30:43,2020-11-02 15:31:13,4,DF:DC:EF:28:D6:3E,27,27,-18475.860413915238,18924.468313993217,20072.646935523644
31068,-24057,-1283,-18207,17637,-23572,-6406,-27602,-19724,19960,27,-1,26217,2020-11-02 15:30:43,2020-11-02 15:31:13,4,DF:DC:EF:28:D6:3E,27,27,-24113.768781659423,-11328.159143961802,-14215.454707948738
31069,-5657,19690,-3625,-3864,30694,-25582,-15316,-7179,14580,27,-1,26242,2020-11-02 15:30:43,2020-11-02 15:31:13,4,DF:DC:EF:28:D6:3E,27,27,5978.584189896343,14547.324723534428,-13618.746215139105
31070,-14765,6654,29641,980,-3335,28694,18474,8179,-32017,27,-1,26268,2020-11-02 15:30:43,2020-11-02 15:31:13,4,DF:DC:EF:28:D6:3E,27,27,1284.8416788791794,-33625.49837486969,-2923.159746207928
31071,-5368,21973,-12787,13287,13050,19726,29221,28145,-8723,27,-1,26293,2020-11-02 15:30:43,2020-11-02 15:31:13,4,DF:DC:EF:28:D6:3E,27,27,6921.59776964283,-21938.05035045016,12080.933454679285
31072,-2291,-2847,-14079,-31746,3314,-30969,-20188,-17937,3564,27,-1,26319,2020-11-02 15:30:43,2020-11-02 15:31:13,4,DF:DC:EF:28:D6:3E,27,27,244.4298131870776,831.6800443465977,-14519.672633026577
31192,31334,-21519,507,13080,-19479,30730,5942,7915,-23592,27,1,29392,2020-11-02 15:30:43,2020-11-02 15:31:13,4,DF:DC:EF:28:D6:3E,27,27,7864.878814962204,9334.186094794486,-36002.23072496625
31193,7210,5612,25354,14874,23285,7166,20027,12781,8407,27,1,29417,2020-11-02 15:30:43,2020-11-02 15:31:13,4,DF:DC:EF:28:D6:3E,27,27,-5877.870436855405,-26059.211384860693,3559.7894778607515
31194,12838,-17682,-9983,32039,22515,-19212,-21696,7919,22743,27,1,29443,2020-11-02 15:30:43,2020-11-02 15:31:13,4,DF:DC:EF:28:D6:3E,27,27,-19450.295558907583,-13486.385466794229,-4114.737745249537
31195,-25056,26116,2295,-15587,-19200,26365,27461,-18193,29400,27,1,29469,2020-11-02 15:30:43,2020-11-02 15:31:13,4,DF:DC:EF:28:D6:3E,27,27,-6816.303134115869,-31013.568208289584,17516.055936586057
31196,7966,25611,-14599,2844,3330,-21258,4796,1519,-2599,27,1,29494,2020-11-02 15:30:43,2020-11-02 15:31:13,4,DF:DC:EF:28:D6:3E,27,27,7966.0,25611.0,-14599.0
31197,29720,-31983,31715,-20710,22789,21490,28606,-12819,-29988,27,1,29520,2020-11-02 15:30:43,2020-11-02 15:31:13,4,DF:DC:EF:28:D6:3E,27,27,-47467.359934660875,-2150.898716903768,25578.414523636362
31198,23302,790,-16159,-26862,-7166,11999,-24131,24556,-5919,27,1,29545,2020-11-02 15:30:43,2020-11-02 15:31:13,4,DF:DC:EF:28:D6:3E,27,27,-2936.8681482388465,26252.12263597049,10340.282761405799
31199,27876,11520,4068,-4088,9476,27619,-4539,-21013,-791,27,1,29571,2020-11-02 15:30:43,2020-11-02 15:31:13,4,DF:DC:EF:28:D6:3E,27,27,-28171.107028021557,11520.0,-93.42813149375343
31200,6653,4867,28374,26617,9216,16111,16194,-6165,-22290,27,1,29597,2020-11-02 15:30:43,2020-11-02 15:31:13,4,DF:DC:EF:28:D6:3E,27,27,-13635.175151468426,26163.42639353116,1609.6869071514166
31201,21754,-1535,1259,-18699,-29950,24045,29245,-19732,-16398,27,1,29622,2020-11-02 15:30:43,2020-11-02 15:31:13,4,DF:DC:EF:28:D6:3E,27,27,9771.531609186608,19496.39797476929,1259.1497210732468
31202,30440,-31235,28129,-14857,-32518,-10262,22841,-16914,-28426,27,1,29648,2020-11-02 15:30:43,2020-11-02 15:31:13,4,DF:DC:EF:28:D6:3E,27,27,-31289.14289831214,-5007.544476278006,41101.98901521799
31476,-23554,31483,28890,-13591,-26897,-29957,-13260,29170,-19471,27,-1,36666,2020-11-02 15:30:43,2020-11-02 15:31:13,4,DF:DC:EF:28:D6:3E,27,27,-30117.28421237344,-17594.27799360542,-34117.33985167738
31477,-10739,-27662,-28462,13797,-3859,-26366,27954,24820,15087,27,-1,36690,2020-11-02 15:30:43,2020-11-02 15:31:13,4,DF:DC:EF:28:D6:3E,27,27,12676.495145132832,-19386.62252596164,-33971.504925029454
31478,26113,-26386,8421,-2076,30702,22792,3632,14837,7916,27,-1,36715,2020-11-02 15:30:43,2020-11-02 15:31:13,4,DF:DC:EF:28:D6:3E,27,27,20468.872805314524,-16957.242904753402,-27248.856217262513
31479,-19963,5850,-24327,-16670,9459,19988,-24275,9716,30696,27,-1,36741,2020-11-02 15:30:43,2020-11-02 15:31:13,4,DF:DC:EF:28:D6:3E,27,27,15780.431641992733,-1922.4270022976846,27781.81148905218
31480,2840,24793,-11514,17906,-13071,-23519,-4820,-16656,9700,27,-1,36767,2020-11-02 15:30:43,2020-11-02 15:31:13,4,DF:DC:EF:28:D6:3E,27,27,-15844.373851242332,21211.123860218235,7373.919368188735
31481,-13487,-20247,-22034,13574,-18970,16674,13874,16877,22236,27,-1,36792,2020-11-02 15:30:43,2020-11-02 15:31:13,4,DF:DC:EF:28:D6:3E,27,27,-1253.9717605153999,-28570.139768151806,16109.376227902194
31482,-14257,-18451,1300,2839,12272,-10744,14649,13293,-4651,27,-1,36818,2020-11-02 15:30:43,2020-11-02 15:31:13,4,DF:DC:EF:28:D6:3E,27,27,-9814.605397574798,6496.238626257938,20170.866481155692
31483,-12228,16368,-7424,-27116,26356,-7934,-20418,24046,-1069,27,-1,36843,2020-11-02 15:30:43,2020-11-02 15:31:13,4,DF:DC:EF:28:D6:3E,27,27,4178.581624189939,-17251.872124192545,-12548.448024376972
31484,-27103,-1297,-6904,14370,12280,15352,-17342,32495,27092,27,-1,36869,2020-11-02 15:30:43,2020-11-02 15:31:13,4,DF:DC:EF:28:D6:3E,27,27,9658.486140343584,10708.95279329007,-23999.000178088165
31485,-228,-32512,-11780,19492,1793,-6406,-6214,-13329,-26923,27,-1,36895,2020-11-02 15:30:43,2020-11-02 15:31:13,4,DF:DC:EF:28:D6:3E,27,27,33211.4440666163,3586.561472029178,-8943.550067918937
31486,-6872,1292,-24842,4644,12547,8433,2495,-2578,18647,27,-1,36920,2020-11-02 15:30:43,2020-11-02 15:31:13,4,DF:DC:EF:28:D6:3E,27,27,6620.901386224912,-2248.847000995183,-24842.0
31487,25873,-5107,20694,2083,8706,-5151,-3136,24557,28892,27,-1,36946,2020-11-02 15:30:43,2020-11-02 15:31:13,4,DF:DC:EF:28:D6:3E,27,27,-14136.952436723433,29786.37017667503,6054.24987095044
31488,-9747,3595,6614,-3574,15110,21223,5823,-24085,-2334,27,-1,36971,2020-11-02 15:30:43,2020-11-02 15:31:13,4,DF:DC:EF:28:D6:3E,27,27,11364.937373224091,-3623.102303923465,3063.3899846409886
31489,-7427,-31233,-5659,11516,-5364,4347,14269,-7703,25061,27,-1,36997,2020-11-02 15:30:43,2020-11-02 15:31:13,4,DF:DC:EF:28:D6:3E,27,27,2028.4100034497535,-25408.528442795767,-20321.838849610616
