id,accelerationx,accelerationy,accelerationz,angularvelocityx,angularvelocityy,angularvelocityz,pitch,roll,yaw,mdlcircle_id,hallsensor,timestamp,starttime,endtime,train_mode,blemac,training_id,training_handle_id,accelerationWorldx,accelerationWorldy,accelerationWorldz
12417,25075,2052,31472,27371,-5112,31994,19513,-31485,7479,11,1,44998,2020-11-02 14:31:11,2020-11-02 14:31:41,1,D7:F2:3B:06:4D:C8,11,11,-6702.965642093714,-22419.198410059253,-32800.95893798393
12418,-19468,-1530,28659,27632,-20985,13316,-14794,26114,-14025,11,1,45024,2020-11-02 14:31:11,2020-11-02 14:31:41,1,D7:F2:3B:06:4D:C8,11,11,15661.372814682622,-29930.333527730083,-7847.212338044427
12419,-26124,-8696,-25867,13811,11518,-25595,-23756,-25343,28727,11,1,45050,2020-11-02 14:31:11,2020-11-02 14:31:41,1,D7:F2:3B:06:4D:C8,11,11,31283.350322684037,-16703.20961644969,13020.762731006484
12420,22775,-22262,-16140,-17162,-22028,-8954,-6606,-13823,-5835,11,1,45075,2020-11-02 14:31:11,2020-11-02 14:31:41,1,D7:F2:3B:06:4D:C8,11,11,-31589.563081896904,1799.2688862894377,16542.642012982295
12421,-9220,26635,8433,-11270,18926,2313,-22735,20482,16947,11,1,45101,2020-11-02 14:31:11,2020-11-02 14:31:41,1,D7:F2:3B:06:4D:C8,11,11,19807.187843159285,17224.113103967706,13287.300385237439
12422,-29183,-2038,-12556,-29701,-2582,18439,-26576,-1278,3120,11,1,45126,2020-11-02 14:31:11,2020-11-02 14:31:41,1,D7:F2:3B:06:4D:C8,11,11,-29183.0,10834.537830406389,6664.785818125954
12423,-8193,-18680,15351,-20482,-4636,8705,-25553,-28156,-29908,11,1,45152,2020-11-02 14:31:11,2020-11-02 14:31:41,1,D7:F2:3B:06:4D:C8,11,11,-4237.930913146665,-12238.032676200439,21999.803358022233
12424,29692,-27385,7925,21764,10979,31997,303,7,-12760,11,1,45177,2020-11-02 14:31:11,2020-11-02 14:31:41,1,D7:F2:3B:06:4D:C8,11,11,-37257.34190437905,-15602.678078464649,7925.0
12425,32504,18950,12020,-18422,-29467,-7427,-4562,32265,4645,11,1,45203,2020-11-02 14:31:11,2020-11-02 14:31:41,1,D7:F2:3B:06:4D:C8,11,11,-2306.114105154218,18950.0,34578.494092918634
12426,21754,-4605,10485,-26096,-32280,16638,-29649,-25077,-27615,11,1,45229,2020-11-02 14:31:11,2020-11-02 14:31:41,1,D7:F2:3B:06:4D:C8,11,11,18605.26880140593,-4161.17955421021,-15521.15728755604
12427,-2312,-14078,26099,-31467,20718,19708,8241,-17907,-12770,11,1,45254,2020-11-02 14:31:11,2020-11-02 14:31:41,1,D7:F2:3B:06:4D:C8,11,11,-27706.107264403847,10512.719711948648,-2558.8226807175724
12428,16889,19200,5107,-20455,-6924,-3076,-1997,24847,23837,11,1,45280,2020-11-02 14:31:11,2020-11-02 14:31:41,1,D7:F2:3B:06:4D:C8,11,11,24272.759157168188,-1270.287470639907,9443.479371505131
12429,-14338,-12290,28912,-24035,10752,-15103,-2761,-6641,-11236,11,1,45305,2020-11-02 14:31:11,2020-11-02 14:31:41,1,D7:F2:3B:06:4D:C8,11,11,-27672.12533427464,20350.256582919363,3556.209287084037
12096,32758,14849,-6404,30472,26608,-524,13837,-31458,-5881,11,-1,36786,2020-11-02 14:31:11,2020-11-02 14:31:41,1,D7:F2:3B:06:4D:C8,11,11,13097.20038678226,-21056.98539248037,-26826.428931360562
12097,6649,-1792,6142,11787,7419,24826,22535,-14051,18176,11,-1,36812,2020-11-02 14:31:11,2020-11-02 14:31:41,1,D7:F2:3B:06:4D:C8,11,11,-3090.09982927622,-475.99608402004446,8681.551691552879
12098,-25609,27388,-11006,-19441,-23550,3580,2567,1054,-9731,11,-1,36838,2020-11-02 14:31:11,2020-11-02 14:31:41,1,D7:F2:3B:06:4D:C8,11,11,9209.60558094148,36347.03000306204,-11006.0
12099,27642,15357,19969,17173,-26614,16378,-15609,15135,-23813,11,-1,36863,2020-11-02 14:31:11,2020-11-02 14:31:41,1,D7:F2:3B:06:4D:C8,11,11,11852.42342097878,-31725.142426192782,-15865.496244606298
12100,9208,6137,3067,17690,-23021,22520,-9971,-3295,2814,11,-1,36889,2020-11-02 14:31:11,2020-11-02 14:31:41,1,D7:F2:3B:06:4D:C8,11,11,9208.0,5896.6267615185925,-3507.0002616684765
12101,-4362,18938,-25102,11807,-5096,759,28353,-32480,-13255,11,-1,36914,2020-11-02 14:31:11,2020-11-02 14:31:41,1,D7:F2:3B:06:4D:C8,11,11,-28843.375879143652,12372.439747430784,4771.550543652391
12102,-12547,6147,18147,5150,4387,24827,25794,-23781,-7115,11,-1,36940,2020-11-02 14:31:11,2020-11-02 14:31:41,1,D7:F2:3B:06:4D:C8,11,11,5854.181094341974,8864.711407271954,20289.698922863085
12103,3325,32263,9178,-1005,31016,23801,-22078,-21227,3634,11,-1,36965,2020-11-02 14:31:11,2020-11-02 14:31:41,1,D7:F2:3B:06:4D:C8,11,11,-1366.9743090619895,-30644.92848384671,13971.83658143356
12104,-5650,-24316,2015,6662,11043,12789,5315,-24305,24368,11,-1,36991,2020-11-02 14:31:11,2020-11-02 14:31:41,1,D7:F2:3B:06:4D:C8,11,11,-21813.150313871305,11944.969954146354,2958.8422024496167
12105,25324,21505,-12057,-14854,20503,17395,-17470,-2038,12080,11,-1,37017,2020-11-02 14:31:11,2020-11-02 14:31:41,1,D7:F2:3B:06:4D:C8,11,11,10367.402504603488,32594.7933878664,8901.553758184125
12106,-16150,17149,10471,-4368,-18164,13299,22977,-5369,9265,11,-1,37042,2020-11-02 14:31:11,2020-11-02 14:31:41,1,D7:F2:3B:06:4D:C8,11,11,-5961.771625506398,-15364.57141969219,-19822.70834609854
12107,-11025,7929,3562,-22038,7171,21746,-6722,27398,-11214,11,-1,37068,2020-11-02 14:31:11,2020-11-02 14:31:41,1,D7:F2:3B:06:4D:C8,11,11,11961.962235441764,-5153.166072286462,-5240.59623604994
12108,-25347,-9481,-32279,-16666,-7681,6642,-9285,3590,-5068,11,-1,37093,2020-11-02 14:31:11,2020-11-02 14:31:41,1,D7:F2:3B:06:4D:C8,11,11,-25347.0,-32284.448080549926,-9462.431724154016
12109,29427,-25608,11241,5350,-10490,9713,13637,24837,24375,11,-1,37119,2020-11-02 14:31:11,2020-11-02 14:31:41,1,D7:F2:3B:06:4D:C8,11,11,-930.7057592111214,-1743.5131621332946,40548.39112274665
12110,14318,-2564,-24851,12263,-29689,-31495,-16831,27908,4409,11,-1,37145,2020-11-02 14:31:11,2020-11-02 14:31:41,1,D7:F2:3B:06:4D:C8,11,11,-18949.90581961616,-21529.949865138144,2552.204778679764
12111,9968,-8193,-31507,1511,-514,2557,10558,14084,-15815,11,-1,37196,2020-11-02 14:31:11,2020-11-02 14:31:41,1,D7:F2:3B:06:4D:C8,11,11,30858.95832152605,14356.571635846303,889.3054453512858
12112,10739,-2816,-31247,-6683,-26378,12797,14906,23813,-16327,11,-1,37198,2020-11-02 14:31:11,2020-11-02 14:31:41,1,D7:F2:3B:06:4D:C8,11,11,33111.26541786742,1257.4942537401914,1301.459422858772
12113,-15372,514,8955,-3095,-6418,-5378,17206,18183,-22984,11,-1,37221,2020-11-02 14:31:11,2020-11-02 14:31:41,1,D7:F2:3B:06:4D:C8,11,11,-7794.687379798151,11736.708551472186,10874.149439336168
12114,-17417,-25086,-23811,16882,-1817,20219,-9934,-9719,30006,11,-1,37247,2020-11-02 14:31:11,2020-11-02 14:31:41,1,D7:F2:3B:06:4D:C8,11,11,-36847.721136504086,6147.752816241633,-10201.646355212604
12115,13305,-14588,-23043,-5384,12000,-12302,-13521,-20467,21299,11,-1,37273,2020-11-02 14:31:11,2020-11-02 14:31:41,1,D7:F2:3B:06:4D:C8,11,11,18333.10288936271,12419.309206388276,-20747.78820221953
12116,5621,23048,-27654,-258,8158,30957,20268,24082,-9938,11,-1,37298,2020-11-02 14:31:11,2020-11-02 14:31:41,1,D7:F2:3B:06:4D:C8,11,11,-30425.99382602569,12377.84210274583,-15766.977693208648
12117,-10514,-31226,3837,-4350,32482,13808,-12249,20502,-9688,11,-1,37324,2020-11-02 14:31:11,2020-11-02 14:31:41,1,D7:F2:3B:06:4D:C8,11,11,21537.53956355282,-3034.6701546944123,-25045.0595447606
12118,-1805,4867,15613,-9466,25058,32233,-19680,-32487,-11489,11,-1,37350,2020-11-02 14:31:11,2020-11-02 14:31:41,1,D7:F2:3B:06:4D:C8,11,11,4277.421174925965,15630.14371776603,-2848.465982642947
11984,16632,-18435,-25601,6399,-7199,2042,-32460,7187,-8138,11,1,33921,2020-11-02 14:31:11,2020-11-02 14:31:41,1,D7:F2:3B:06:4D:C8,11,11,9773.783104277636,20536.194186239616,-27470.37935987771
11985,-26888,30974,29436,-2296,-12065,20465,-28367,-24297,21810,11,1,33947,2020-11-02 14:31:11,2020-11-02 14:31:41,1,D7:F2:3B:06:4D:C8,11,11,-14545.58303156657,45026.47112198706,17603.24483078809
11986,8435,14077,-31239,6163,17128,25325,25647,19740,30765,11,1,33972,2020-11-02 14:31:11,2020-11-02 14:31:41,1,D7:F2:3B:06:4D:C8,11,11,-33471.8626059917,-2630.286548516145,-10858.281694555058
11987,-19468,27896,-25610,2587,-17678,-3344,-7122,-16097,11049,11,1,33998,2020-11-02 14:31:11,2020-11-02 14:31:41,1,D7:F2:3B:06:4D:C8,11,11,28158.80023540649,31865.52117522429,-2175.4239894336815
11988,-13835,-32527,18166,802,-25094,-15375,19004,20258,-11471,11,1,34024,2020-11-02 14:31:11,2020-11-02 14:31:41,1,D7:F2:3B:06:4D:C8,11,11,22575.611326887334,-21891.202291813574,24300.895980111767
11989,12024,14839,-13328,-24024,1803,1017,-28722,9249,16574,11,1,34049,2020-11-02 14:31:11,2020-11-02 14:31:41,1,D7:F2:3B:06:4D:C8,11,11,-21811.247560505108,6831.976432684045,-4472.3214193089725
11990,-27393,14588,29153,18984,20505,17410,1734,-28898,-8645,11,1,34075,2020-11-02 14:31:11,2020-11-02 14:31:41,1,D7:F2:3B:06:4D:C8,11,11,23181.467830781978,-9103.297378969624,34537.416348656785
11991,-11260,-17145,-25894,28445,8218,17914,-15164,-17126,3637,11,1,34100,2020-11-02 14:31:11,2020-11-02 14:31:41,1,D7:F2:3B:06:4D:C8,11,11,-19288.36846708424,-16410.510057623447,-21210.654457763212
11992,-2060,-11765,-13606,8969,-2281,23026,8390,27926,-20941,11,1,34126,2020-11-02 14:31:11,2020-11-02 14:31:41,1,D7:F2:3B:06:4D:C8,11,11,-13539.53167712363,-7073.8883720918675,9717.162459450254
11993,-16148,-29438,-15899,21497,-9708,29426,-20539,25874,31795,11,1,34152,2020-11-02 14:31:11,2020-11-02 14:31:41,1,D7:F2:3B:06:4D:C8,11,11,24518.06273892673,11946.48688606668,-25224.551524478877
11994,4072,16123,10735,-7693,15121,-23053,19908,-4338,-4813,11,1,34177,2020-11-02 14:31:11,2020-11-02 14:31:41,1,D7:F2:3B:06:4D:C8,11,11,4072.0,-17476.572309211657,-8352.291561056543
11995,4590,5114,-11276,9973,15119,7927,-17214,10508,21556,11,1,34203,2020-11-02 14:31:11,2020-11-02 14:31:41,1,D7:F2:3B:06:4D:C8,11,11,-10214.407983345185,8177.383367281717,1779.1972387226926
11996,-11029,-23809,21485,25844,22286,-8199,17089,-20727,-26316,11,1,34228,2020-11-02 14:31:11,2020-11-02 14:31:41,1,D7:F2:3B:06:4D:C8,11,11,-2671.9572513693242,17823.71727853551,28727.83134560785
11997,-24338,4864,7145,1774,11786,-18438,-1858,-15353,-17356,11,1,34279,2020-11-02 14:31:11,2020-11-02 14:31:41,1,D7:F2:3B:06:4D:C8,11,11,-2908.5041113479256,-5327.765757566453,-25103.849921212768
11998,16112,5883,31470,24555,-24828,-23818,12476,-24826,-14283,11,1,34281,2020-11-02 14:31:11,2020-11-02 14:31:41,1,D7:F2:3B:06:4D:C8,11,11,-21423.796916568856,27834.35421171784,-7129.991885986999
11999,5617,-5634,29168,-278,8195,-19206,70,8966,-3530,11,1,34305,2020-11-02 14:31:11,2020-11-02 14:31:41,1,D7:F2:3B:06:4D:C8,11,11,27578.903736938068,-5634.0,11032.995135895944
12000,-14099,-27394,-17936,-21271,13057,17153,-14014,-9979,13111,11,1,34331,2020-11-02 14:31:11,2020-11-02 14:31:41,1,D7:F2:3B:06:4D:C8,11,11,18970.380531379884,-29654.16269484668,5627.47104499055
12001,-1042,1022,22262,492,-3079,4,25407,17158,-26570,11,1,34356,2020-11-02 14:31:11,2020-11-02 14:31:41,1,D7:F2:3B:06:4D:C8,11,11,-3420.0016253167064,-20793.666720204463,7324.882607379615
12002,-13842,2560,-11785,-19727,-11789,28934,31036,30983,14389,11,1,34382,2020-11-02 14:31:11,2020-11-02 14:31:41,1,D7:F2:3B:06:4D:C8,11,11,8935.937913367321,5885.715848624041,-14918.047846742558
12003,-14353,-25346,-3334,31737,-28179,6921,9274,4617,-11470,11,1,34407,2020-11-02 14:31:11,2020-11-02 14:31:41,1,D7:F2:3B:06:4D:C8,11,11,-3928.4186719369045,17582.584676140556,-23129.291468705316
12004,32248,25345,-23823,8705,2280,25097,27448,16139,25647,11,1,34433,2020-11-02 14:31:11,2020-11-02 14:31:41,1,D7:F2:3B:06:4D:C8,11,11,-15265.157390535669,35253.45230423585,-27820.980005656573
12005,-20484,-10237,11249,-5373,-1556,29706,1079,-8948,-19669,11,1,34458,2020-11-02 14:31:11,2020-11-02 14:31:41,1,D7:F2:3B:06:4D:C8,11,11,18883.12735433257,13032.206939691572,-11158.831014094249
12080,-11789,-17668,-31272,-18667,-10462,-25366,-4402,-11243,20529,11,-1,36377,2020-11-02 14:31:11,2020-11-02 14:31:41,1,D7:F2:3B:06:4D:C8,11,11,-17251.950228871698,20305.80577567759,-26816.43514900876
12081,11240,-15621,-8481,-10231,-30690,19691,26830,13072,-8659,11,-1,36403,2020-11-02 14:31:11,2020-11-02 14:31:41,1,D7:F2:3B:06:4D:C8,11,11,9195.327374962151,-7302.3492592670145,-17447.12732122266
12082,16875,18431,13538,-9474,7447,-22803,-15667,-32501,5420,11,-1,36428,2020-11-02 14:31:11,2020-11-02 14:31:41,1,D7:F2:3B:06:4D:C8,11,11,-16686.44631891491,4640.066219965695,-22533.91055099634
12083,13553,16893,-32,4850,-13549,-17938,-2869,29191,20779,11,-1,36454,2020-11-02 14:31:11,2020-11-02 14:31:41,1,D7:F2:3B:06:4D:C8,11,11,-6220.318803896303,-16177.080750868394,12987.223504574693
12084,-22802,25077,25581,4587,15380,-11022,-10808,-19965,-7638,11,-1,36479,2020-11-02 14:31:11,2020-11-02 14:31:41,1,D7:F2:3B:06:4D:C8,11,11,42266.22166775556,-908.6931129418463,3989.4206043789204
12085,-16913,-14613,-15647,-18194,30483,2037,198,18176,-30678,11,-1,36505,2020-11-02 14:31:11,2020-11-02 14:31:41,1,D7:F2:3B:06:4D:C8,11,11,18135.971361128584,9793.420925123,17877.1752906237
12086,-24590,24819,-28189,-10013,8457,-7179,9154,-7939,-11222,11,-1,36531,2020-11-02 14:31:11,2020-11-02 14:31:41,1,D7:F2:3B:06:4D:C8,11,11,21494.801060124504,35244.59713933875,-17636.96351051918
12087,-19215,-11532,27374,31204,11510,15089,-24643,-17923,-11988,11,-1,36556,2020-11-02 14:31:11,2020-11-02 14:31:41,1,D7:F2:3B:06:4D:C8,11,11,-21463.092723890226,-15228.859523185189,23642.26328735856
12088,-3332,15357,8176,-5147,7399,-17172,9542,-27648,-22993,11,-1,36582,2020-11-02 14:31:11,2020-11-02 14:31:41,1,D7:F2:3B:06:4D:C8,11,11,-11074.13354405541,10653.169307896711,-8812.502422451536
12089,-25090,13565,-14098,17893,-2333,19434,-32446,261,-30414,11,-1,36607,2020-11-02 14:31:11,2020-11-02 14:31:41,1,D7:F2:3B:06:4D:C8,11,11,-23770.52262633941,-19133.107886600013,9008.738295144909
12090,23291,-5634,-30477,27366,-13851,494,9535,-17655,-27340,11,-1,36633,2020-11-02 14:31:11,2020-11-02 14:31:41,1,D7:F2:3B:06:4D:C8,11,11,-3989.4123539821885,-29958.604602536405,24282.23147362652
12091,-12559,19967,1271,-19221,-20504,19188,7740,-4595,22069,11,-1,36658,2020-11-02 14:31:11,2020-11-02 14:31:41,1,D7:F2:3B:06:4D:C8,11,11,11061.81182243062,-11393.77271226823,17488.375384417675
12092,-12561,18429,11000,20720,31970,-26889,-19144,13074,13364,11,-1,36684,2020-11-02 14:31:11,2020-11-02 14:31:41,1,D7:F2:3B:06:4D:C8,11,11,18107.79693431333,545.1885089898751,17035.763020051032
12093,499,-29442,14075,-32523,19677,-9228,-6861,535,-26832,11,-1,36710,2020-11-02 14:31:11,2020-11-02 14:31:41,1,D7:F2:3B:06:4D:C8,11,11,2749.3836168327234,3033.9713157465108,32379.34368980816
12094,-4619,4608,-25091,10237,26848,13553,7212,-27877,1577,11,-1,36735,2020-11-02 14:31:11,2020-11-02 14:31:41,1,D7:F2:3B:06:4D:C8,11,11,-4306.083154427617,23603.061505255322,9822.4356168055
12095,8178,-27904,-5635,22020,10471,19695,-18403,-27874,-8679,11,-1,36761,2020-11-02 14:31:11,2020-11-02 14:31:41,1,D7:F2:3B:06:4D:C8,11,11,23579.378894016947,12933.826350021109,-12409.478309739208
12051,-28171,-14854,-5897,-25575,9460,-12812,6703,32026,-5858,11,1,35635,2020-11-02 14:31:11,2020-11-02 14:31:41,1,D7:F2:3B:06:4D:C8,11,11,1231.3083240160322,-7587.615742964491,-31463.202843136078
12052,29686,16631,25845,-16608,19708,1014,5684,23068,20255,11,1,35686,2020-11-02 14:31:11,2020-11-02 14:31:41,1,D7:F2:3B:06:4D:C8,11,11,36226.729556298415,-21963.112287852946,5573.0194944911045
12053,-6921,15351,-17938,1063,-1532,16628,10303,3101,-3036,11,1,35688,2020-11-02 14:31:11,2020-11-02 14:31:41,1,D7:F2:3B:06:4D:C8,11,11,-6921.0,23388.48722286586,3225.4783251233275
12054,-17158,5627,1765,19239,-11760,-15370,6334,14363,-18902,11,1,35712,2020-11-02 14:31:11,2020-11-02 14:31:41,1,D7:F2:3B:06:4D:C8,11,11,-11970.193749395583,-3277.1143584094743,13234.436183073209
12055,11264,-10498,31454,32032,-23275,-20748,1988,-24297,17195,11,1,35737,2020-11-02 14:31:11,2020-11-02 14:31:41,1,D7:F2:3B:06:4D:C8,11,11,-14795.80448840084,12713.211556526541,-29084.329757792555
12056,15863,21760,-8481,-29420,-32235,9710,9672,26131,-24789,11,1,35763,2020-11-02 14:31:11,2020-11-02 14:31:41,1,D7:F2:3B:06:4D:C8,11,11,-730.1697840747356,-28059.478740154736,3031.8698714207408
12057,31222,29696,6627,-16887,-26603,-5650,2762,6927,28459,11,1,35789,2020-11-02 14:31:11,2020-11-02 14:31:41,1,D7:F2:3B:06:4D:C8,11,11,7802.487682698426,-36397.59816012746,-22691.823706683983
12058,4601,-2817,20709,-29952,21014,1518,19658,-14070,-2518,11,1,35814,2020-11-02 14:31:11,2020-11-02 14:31:41,1,D7:F2:3B:06:4D:C8,11,11,17088.978728829752,-133.6453839883352,12880.8507450767
12059,4588,20470,2796,-30725,7187,19949,-11831,-29690,43,11,1,35840,2020-11-02 14:31:11,2020-11-02 14:31:41,1,D7:F2:3B:06:4D:C8,11,11,-17663.073705280563,-5976.130138715398,-10009.493286224026
12060,23019,-1544,-1812,-12808,14350,17142,-10296,25603,-1238,11,1,35865,2020-11-02 14:31:11,2020-11-02 14:31:41,1,D7:F2:3B:06:4D:C8,11,11,-15288.553257670072,-2358.972184732316,17211.537715121358
12394,27380,-9725,-19970,15090,-16397,10237,-19921,-27645,1854,11,-1,44410,2020-11-02 14:31:11,2020-11-02 14:31:41,1,D7:F2:3B:06:4D:C8,11,11,-1896.0336182712547,6809.510468483783,-34540.94018260063
12395,13305,28679,-5380,-24581,-7956,14848,2862,517,-11973,11,-1,44436,2020-11-02 14:31:11,2020-11-02 14:31:41,1,D7:F2:3B:06:4D:C8,11,11,20540.907243673995,-24032.877389251196,-5380.0
12396,-27397,32266,20217,13825,-30233,2046,9517,-25082,-17096,11,-1,44461,2020-11-02 14:31:11,2020-11-02 14:31:41,1,D7:F2:3B:06:4D:C8,11,11,-19060.27328960893,-42660.02093255063,-4152.836399349522
12397,7673,-18674,-28687,25859,-8480,-20999,17452,4361,-11724,11,-1,44487,2020-11-02 14:31:11,2020-11-02 14:31:41,1,D7:F2:3B:06:4D:C8,11,11,17298.313427882706,-16355.086874633083,25764.639719467017
12398,-25101,-3570,-13326,-13822,-6688,2042,-20182,-13045,14384,11,-1,44513,2020-11-02 14:31:11,2020-11-02 14:31:41,1,D7:F2:3B:06:4D:C8,11,11,-667.9087587158601,-2514.449655523443,-28524.004238883936
12399,4853,27658,5879,-29946,-16154,30463,-1496,30733,-27093,11,-1,44540,2020-11-02 14:31:11,2020-11-02 14:31:41,1,D7:F2:3B:06:4D:C8,11,11,-18146.53120328985,-21303.13745855795,6321.309493278519
12400,10994,21767,12025,-26102,19943,8961,-15065,12302,6439,11,-1,44564,2020-11-02 14:31:11,2020-11-02 14:31:41,1,D7:F2:3B:06:4D:C8,11,11,-16233.151815883622,-21809.44399202011,322.311776719826
12401,-26890,30469,-5126,-8947,31463,20990,-5338,-3058,30242,11,-1,44589,2020-11-02 14:31:11,2020-11-02 14:31:41,1,D7:F2:3B:06:4D:C8,11,11,21589.78755760501,34428.37687457084,-5126.0
12402,3061,23812,1018,-22000,-28695,-15876,31526,1296,-739,11,-1,44615,2020-11-02 14:31:11,2020-11-02 14:31:41,1,D7:F2:3B:06:4D:C8,11,11,3061.0,7730.7488718574195,-22545.13672347709
12403,14841,-12542,-27655,13588,-3089,14846,-8922,-10224,16410,11,-1,44640,2020-11-02 14:31:11,2020-11-02 14:31:41,1,D7:F2:3B:06:4D:C8,11,11,22448.36742391312,23153.146975724845,10117.245431513453
12404,-8709,-4606,-10249,-14057,6904,9726,-14808,29969,1304,11,-1,44666,2020-11-02 14:31:11,2020-11-02 14:31:41,1,D7:F2:3B:06:4D:C8,11,11,-10576.500891059915,-7402.616998400274,-5953.386303307058
12405,-23297,-24061,-16140,13594,8194,9472,30764,-27631,-18409,11,-1,44692,2020-11-02 14:31:11,2020-11-02 14:31:41,1,D7:F2:3B:06:4D:C8,11,11,-32079.347174833743,17954.879422485035,5542.501218809908
12406,-23299,-3835,11248,-22503,-9977,-15618,24881,6673,-3048,11,-1,44717,2020-11-02 14:31:11,2020-11-02 14:31:41,1,D7:F2:3B:06:4D:C8,11,11,-16332.919617598882,11019.237753235528,17201.17048641523
12407,-1538,7177,7149,12820,-11001,-11272,13878,-19696,-7654,11,-1,44743,2020-11-02 14:31:11,2020-11-02 14:31:41,1,D7:F2:3B:06:4D:C8,11,11,-7431.333675371871,-5985.5407776357715,-3732.499886743917
12408,-5122,13320,4846,27404,10504,17905,-25542,-22512,-9443,11,-1,44768,2020-11-02 14:31:11,2020-11-02 14:31:41,1,D7:F2:3B:06:4D:C8,11,11,-8199.729570928488,-10131.667671049829,-7566.686538178036
12409,20222,-9211,13297,-8955,-5878,-13331,-26050,21776,-6879,11,-1,44819,2020-11-02 14:31:11,2020-11-02 14:31:41,1,D7:F2:3B:06:4D:C8,11,11,-15412.509366765209,16521.654543996352,12651.936616511299
12410,26107,14338,23280,-5120,-8431,-27154,-15807,-10226,8230,11,-1,44821,2020-11-02 14:31:11,2020-11-02 14:31:41,1,D7:F2:3B:06:4D:C8,11,11,5161.588002381928,36174.299242017005,9689.694352386714
12411,-5644,-17922,27886,-14080,-26599,-23057,-5053,-14069,-10455,11,-1,44845,2020-11-02 14:31:11,2020-11-02 14:31:41,1,D7:F2:3B:06:4D:C8,11,11,-27512.083485035786,9677.212048667745,-16736.74536095776
12412,-12311,31234,-1565,514,17949,-3341,28741,-21497,-26324,11,-1,44870,2020-11-02 14:31:11,2020-11-02 14:31:41,1,D7:F2:3B:06:4D:C8,11,11,-16339.627057262263,7659.6514654445145,28353.465909082377
12413,15592,-17143,15074,-25095,-1259,2298,26693,-9213,-2515,11,-1,44896,2020-11-02 14:31:11,2020-11-02 14:31:41,1,D7:F2:3B:06:4D:C8,11,11,5798.296204670566,22613.45340673661,14806.413311273442
12414,29428,-20735,-5150,9965,18439,-26125,27715,770,30767,11,-1,44922,2020-11-02 14:31:11,2020-11-02 14:31:41,1,D7:F2:3B:06:4D:C8,11,11,17606.760762588096,-25480.247407168197,19058.564387657494
12415,5375,9469,12520,-27163,25854,26859,4160,-30462,11058,11,-1,44947,2020-11-02 14:31:11,2020-11-02 14:31:41,1,D7:F2:3B:06:4D:C8,11,11,-657.373701491163,16501.57515003336,-1602.767414314777
12416,-5129,19965,-21013,-20763,-23294,-787,28220,-28413,7733,11,-1,44973,2020-11-02 14:31:11,2020-11-02 14:31:41,1,D7:F2:3B:06:4D:C8,11,11,25612.173273641933,-13697.489306313833,4780.104800562471
12330,-27403,-13061,-21788,13039,19473,-25869,11455,-11014,-11989,11,1,42773,2020-11-02 14:31:11,2020-11-02 14:31:41,1,D7:F2:3B:06:4D:C8,11,11,8444.760972500031,-8646.664257871464,-35357.49260523134
12331,24062,-13319,19686,3049,-23292,-26643,30139,3065,-5331,11,1,42798,2020-11-02 14:31:11,2020-11-02 14:31:41,1,D7:F2:3B:06:4D:C8,11,11,24062.0,15099.286622833835,18356.086197267414
12332,-3572,30965,1256,-27932,-1545,28639,-3006,-15111,5170,11,1,42824,2020-11-02 14:31:11,2020-11-02 14:31:41,1,D7:F2:3B:06:4D:C8,11,11,344.39893205333647,30965.0,-3770.690835324546
12333,3343,23026,5101,-30236,-29194,-17709,-26819,-8708,-21449,11,1,42849,2020-11-02 14:31:11,2020-11-02 14:31:41,1,D7:F2:3B:06:4D:C8,11,11,7282.345047469759,20140.48813787339,10426.92256506078
12334,-23556,-9734,2540,31466,-2049,6103,-17863,25600,20285,11,1,42875,2020-11-02 14:31:11,2020-11-02 14:31:41,1,D7:F2:3B:06:4D:C8,11,11,-17508.449477078648,-7600.299271860456,-17081.48529510071
12335,-7438,-6660,14321,4329,-32257,20191,-9674,31491,-13247,11,1,42901,2020-11-02 14:31:11,2020-11-02 14:31:41,1,D7:F2:3B:06:4D:C8,11,11,13887.783270845175,10034.518130157989,-3347.8958642053917
12336,11766,13818,15611,-32278,13306,-32544,12852,16903,1093,11,1,42926,2020-11-02 14:31:11,2020-11-02 14:31:41,1,D7:F2:3B:06:4D:C8,11,11,621.4182206069836,-19945.35911758413,-13224.057246764367
12337,-4365,8702,7169,-6416,29172,-28191,24626,-13045,-22342,11,1,42952,2020-11-02 14:31:11,2020-11-02 14:31:41,1,D7:F2:3B:06:4D:C8,11,11,-11982.072456277752,-1442.8598869347961,721.5850602559193
12338,21486,-15103,10751,-22790,28146,-19227,-13263,30992,3004,11,1,42977,2020-11-02 14:31:11,2020-11-02 14:31:41,1,D7:F2:3B:06:4D:C8,11,11,-2784.033430150184,16060.922308174397,23229.910427519786
12339,-19475,-15359,-8709,-30976,11757,15848,-10959,1813,28348,11,1,43003,2020-11-02 14:31:11,2020-11-02 14:31:41,1,D7:F2:3B:06:4D:C8,11,11,903.2523378927626,24953.13504961751,8218.660073858853
12340,-280,-8194,-17157,771,15590,31975,7985,8986,15291,11,1,43029,2020-11-02 14:31:11,2020-11-02 14:31:41,1,D7:F2:3B:06:4D:C8,11,11,-3378.422303500942,-16671.735251736554,-8498.364044638947
12341,-25113,18936,4353,32264,6881,7401,-26839,-31713,12351,11,1,43054,2020-11-02 14:31:11,2020-11-02 14:31:41,1,D7:F2:3B:06:4D:C8,11,11,12631.428057079902,10059.025972766434,27339.46772923761
12342,-4379,-4878,-26366,29459,-544,12776,20992,32543,21523,11,1,43080,2020-11-02 14:31:11,2020-11-02 14:31:41,1,D7:F2:3B:06:4D:C8,11,11,24149.14494386312,-12078.759284643773,3009.7929536634565
12343,20460,-22027,-8201,-24038,-9757,4584,32761,26138,23304,11,1,43105,2020-11-02 14:31:11,2020-11-02 14:31:41,1,D7:F2:3B:06:4D:C8,11,11,7359.206636722584,30110.95075916908,3198.351459254169
12344,-12307,5883,-7687,6167,4586,15084,6393,-4587,-19453,11,1,43131,2020-11-02 14:31:11,2020-11-02 14:31:41,1,D7:F2:3B:06:4D:C8,11,11,13545.220387241505,-7813.679742001477,797.0699784164644
12061,29430,-24322,-8472,7413,7688,-776,25031,-30719,-5334,11,-1,35891,2020-11-02 14:31:11,2020-11-02 14:31:41,1,D7:F2:3B:06:4D:C8,11,11,31309.25456975508,9486.289406396003,-21428.958434426284
12062,11768,4092,-10520,-1809,27398,12536,11461,5376,20267,11,-1,35917,2020-11-02 14:31:11,2020-11-02 14:31:41,1,D7:F2:3B:06:4D:C8,11,11,-12759.849302280061,-6123.547460705151,8098.709791046627
12063,-32010,21500,-10007,-26901,-18689,28150,16578,9727,18476,11,-1,35942,2020-11-02 14:31:11,2020-11-02 14:31:41,1,D7:F2:3B:06:4D:C8,11,11,-2654.656462550127,224.6913766256493,39748.36426635832
12064,27129,31995,-4374,2024,12016,-19984,-18242,-769,-29394,11,-1,35968,2020-11-02 14:31:11,2020-11-02 14:31:41,1,D7:F2:3B:06:4D:C8,11,11,38661.12012302242,16854.61782592251,-184.90747774510325
12065,-12549,11005,-5652,-5916,-3869,-2582,-1350,14083,-6863,11,-1,35993,2020-11-02 14:31:11,2020-11-02 14:31:41,1,D7:F2:3B:06:4D:C8,11,11,9305.167143716451,5876.287784249591,13762.83532939993
12066,-28933,17150,30192,12003,-10787,-23064,11844,14344,25141,11,-1,36019,2020-11-02 14:31:11,2020-11-02 14:31:41,1,D7:F2:3B:06:4D:C8,11,11,-35849.22267912007,11412.403855851831,25047.716952524883
12067,28660,24828,22005,30438,15582,29930,28993,-9203,23096,11,-1,36044,2020-11-02 14:31:11,2020-11-02 14:31:41,1,D7:F2:3B:06:4D:C8,11,11,1515.8644333347256,-41301.83873481136,14625.507893518987
12068,-27410,-26371,30969,25069,26333,5872,25407,-23277,11322,11,-1,36070,2020-11-02 14:31:11,2020-11-02 14:31:41,1,D7:F2:3B:06:4D:C8,11,11,-24662.840735674326,36871.18730498108,20930.277962028238
12069,-10003,31227,-6150,15092,8158,8694,-964,17433,-2759,11,-1,36096,2020-11-02 14:31:11,2020-11-02 14:31:41,1,D7:F2:3B:06:4D:C8,11,11,9035.006893926071,31227.0,7500.077294715591
12070,21489,30201,25087,18428,24542,-4106,-23241,26654,31285,11,-1,36121,2020-11-02 14:31:11,2020-11-02 14:31:41,1,D7:F2:3B:06:4D:C8,11,11,-42506.66277314558,7170.7674791958425,12041.544944457351
12071,15854,-7689,-9470,31236,-27425,-5131,18,21793,29967,11,-1,36147,2020-11-02 14:31:11,2020-11-02 14:31:41,1,D7:F2:3B:06:4D:C8,11,11,-12204.431470937056,14151.077590370913,7137.912335025083
12072,17652,-31754,-31741,19982,30692,7156,-32001,22557,13819,11,-1,36172,2020-11-02 14:31:11,2020-11-02 14:31:41,1,D7:F2:3B:06:4D:C8,11,11,-9896.791204321084,-29870.897715102554,36567.52240105903
12073,23292,-14342,32253,-4588,-30735,9972,-29187,7194,7926,11,-1,36198,2020-11-02 14:31:11,2020-11-02 14:31:41,1,D7:F2:3B:06:4D:C8,11,11,34154.89273498654,-11578.918692294836,-22087.059133773088
12074,-29444,-262,-9730,12056,32767,-25609,-1027,4889,-14862,11,-1,36224,2020-11-02 14:31:11,2020-11-02 14:31:41,1,D7:F2:3B:06:4D:C8,11,11,12014.791529465732,26882.383906630726,-9730.0
12075,22781,13562,28158,27420,7177,-7946,9727,-8679,-27921,11,-1,36249,2020-11-02 14:31:11,2020-11-02 14:31:41,1,D7:F2:3B:06:4D:C8,11,11,18985.611664291013,3057.020326939336,33555.56504446642
12076,-6,-28171,8952,1312,-12784,-21006,-12034,-1509,15338,11,-1,36275,2020-11-02 14:31:11,2020-11-02 14:31:41,1,D7:F2:3B:06:4D:C8,11,11,-18059.153513626068,-8271.506531884836,21890.471330336266
12077,16632,3317,8689,-20957,28441,16368,-3336,-2274,-9762,11,-1,36300,2020-11-02 14:31:11,2020-11-02 14:31:41,1,D7:F2:3B:06:4D:C8,11,11,11777.467207806692,-12203.162670760315,8689.0
12078,23801,-23819,-284,-10972,-9443,-9746,-16931,-16097,-17731,11,-1,36326,2020-11-02 14:31:11,2020-11-02 14:31:41,1,D7:F2:3B:06:4D:C8,11,11,30771.327219134928,-5365.203376348871,12579.866132170913
12079,-23301,28410,22747,-10721,18210,29421,4305,-32229,1336,11,-1,36352,2020-11-02 14:31:11,2020-11-02 14:31:41,1,D7:F2:3B:06:4D:C8,11,11,15203.037892283777,28410.0,28796.358256657797
12381,30718,12542,16364,-17641,-22247,-17414,-11589,-31466,23087,11,1,44077,2020-11-02 14:31:11,2020-11-02 14:31:41,1,D7:F2:3B:06:4D:C8,11,11,13032.077252234329,309.4639165424396,-34622.92562127231
12382,-10495,-23807,17123,19989,-11743,-32261,8127,-22511,9007,11,1,44103,2020-11-02 14:31:11,2020-11-02 14:31:41,1,D7:F2:3B:06:4D:C8,11,11,29383.935544744014,-4711.724271119816,9192.354937406948
12383,10751,259,17373,11790,21028,-8714,12481,-501,19246,11,1,44129,2020-11-02 14:31:11,2020-11-02 14:31:41,1,D7:F2:3B:06:4D:C8,11,11,-8398.894724017853,17263.01802967419,-6994.2109577856545
12384,31209,23552,8925,25860,6687,-10510,21954,29190,10542,11,1,44154,2020-11-02 14:31:11,2020-11-02 14:31:41,1,D7:F2:3B:06:4D:C8,11,11,28318.846976121986,-1381.2846810775054,28363.514742937045
12385,-30233,-2814,-16674,-19977,30224,-16907,-12095,-20222,27694,11,1,44180,2020-11-02 14:31:11,2020-11-02 14:31:41,1,D7:F2:3B:06:4D:C8,11,11,-29275.87619675755,-12492.2324651404,-13669.029297979308
12386,30710,13054,-3868,16365,-8702,-19469,-29761,11265,-22481,11,1,44205,2020-11-02 14:31:11,2020-11-02 14:31:41,1,D7:F2:3B:06:4D:C8,11,11,-24894.568430544845,-11035.605823797172,-19671.00167146285
12387,25344,-17927,13289,-28440,-27137,-22545,16316,-14848,-8399,11,1,44231,2020-11-02 14:31:11,2020-11-02 14:31:41,1,D7:F2:3B:06:4D:C8,11,11,1136.62388342969,-10327.228154035252,32130.198113334423
12388,2561,-23816,-11287,12520,-12029,-24596,24389,24576,-22476,11,1,44257,2020-11-02 14:31:11,2020-11-02 14:31:41,1,D7:F2:3B:06:4D:C8,11,11,21680.29054463241,-4005.711101009392,-14665.477369508715
12389,-18950,3834,-23320,-23832,-19193,-28435,-8639,-14593,-21449,11,1,44282,2020-11-02 14:31:11,2020-11-02 14:31:41,1,D7:F2:3B:06:4D:C8,11,11,-24530.515550496464,14232.26723556624,-10645.225791982011
12390,-32011,-28419,20456,-27161,19464,14576,14398,18175,-32710,11,1,44308,2020-11-02 14:31:11,2020-11-02 14:31:41,1,D7:F2:3B:06:4D:C8,11,11,14110.093034283245,23818.470911035307,38527.61783479529
12391,-8971,12288,-7193,-27419,-12030,-7951,21818,-27137,-10180,11,1,44333,2020-11-02 14:31:11,2020-11-02 14:31:41,1,D7:F2:3B:06:4D:C8,11,11,-2593.2473824424733,-16597.76213075401,1001.1964164754892
12392,-13324,-3842,-12818,-26140,24319,32500,14902,-18944,32574,11,1,44359,2020-11-02 14:31:11,2020-11-02 14:31:41,1,D7:F2:3B:06:4D:C8,11,11,16377.793749287259,-8640.042819065806,-3702.512118888537
12393,-12,-19710,27384,23785,-4872,-12807,30770,8194,-5314,11,1,44384,2020-11-02 14:31:11,2020-11-02 14:31:41,1,D7:F2:3B:06:4D:C8,11,11,22434.035195296296,20668.200661895196,14418.98908577998
12132,-17675,16638,27366,18417,-23283,-28167,-14145,259,31787,11,-1,37707,2020-11-02 14:31:11,2020-11-02 14:31:41,1,D7:F2:3B:06:4D:C8,11,11,12208.533887309166,22043.55438931985,-26517.16491647479
12133,23542,18938,22505,-27156,-12023,-30473,6333,7937,19756,11,-1,37733,2020-11-02 14:31:11,2020-11-02 14:31:41,1,D7:F2:3B:06:4D:C8,11,11,-34768.818078319404,13749.23080604816,-4629.964867981836
12134,-17670,18172,31467,10477,-29178,-26376,12218,-6145,26925,11,-1,37759,2020-11-02 14:31:11,2020-11-02 14:31:41,1,D7:F2:3B:06:4D:C8,11,11,-19251.015258741114,33054.50457863546,-13016.171156245762
12135,31740,-31744,23783,-23316,-31736,31994,-3773,-10498,28718,11,-1,37784,2020-11-02 14:31:11,2020-11-02 14:31:41,1,D7:F2:3B:06:4D:C8,11,11,-31252.361464992577,-6258.683891095963,39558.2987982646
12136,3066,15617,-9752,2538,-26358,16125,-19648,30205,18479,11,-1,37810,2020-11-02 14:31:11,2020-11-02 14:31:41,1,D7:F2:3B:06:4D:C8,11,11,8588.021849197645,15782.921061610865,5053.497054581507
12137,-16135,28163,-30740,-31768,-11772,-30978,8765,-32004,-5585,11,-1,37835,2020-11-02 14:31:11,2020-11-02 14:31:41,1,D7:F2:3B:06:4D:C8,11,11,2221.3606160085747,41083.35191315916,17483.25331833774
12138,-19198,4101,12780,28647,8960,19196,26681,29692,22576,11,-1,37861,2020-11-02 14:31:11,2020-11-02 14:31:41,1,D7:F2:3B:06:4D:C8,11,11,-6472.020893548679,-6139.452350481274,-21659.40616428897
12139,-2303,-2299,-16654,1000,23298,11514,-26059,-10756,3121,11,-1,37886,2020-11-02 14:31:11,2020-11-02 14:31:41,1,D7:F2:3B:06:4D:C8,11,11,-8940.318895616605,14106.515441223679,3003.6388183665804
12140,-18690,1287,15865,238,-3327,27644,25138,7677,-10959,11,-1,37912,2020-11-02 14:31:11,2020-11-02 14:31:41,1,D7:F2:3B:06:4D:C8,11,11,-1218.2832161967835,22562.521191038468,9597.87046740439
12141,-28162,25354,-22024,27123,-16640,-8452,7984,28925,13618,11,-1,37938,2020-11-02 14:31:11,2020-11-02 14:31:41,1,D7:F2:3B:06:4D:C8,11,11,-22218.442852288532,-28903.7610342808,-24328.86210435622
12142,-29959,9482,7676,22518,9983,-6917,27950,-3075,-30670,11,-1,37963,2020-11-02 14:31:11,2020-11-02 14:31:41,1,D7:F2:3B:06:4D:C8,11,11,-8125.565931822699,-28838.652790772525,-12193.36969425886
12143,-3342,-20471,28670,25339,2299,5118,25645,-22530,23090,11,-1,37989,2020-11-02 14:31:11,2020-11-02 14:31:41,1,D7:F2:3B:06:4D:C8,11,11,24085.150782888773,-25779.43599993517,2743.3367075075907
12144,-11273,9225,15867,29185,15087,-10752,18477,-26369,-24016,11,-1,38014,2020-11-02 14:31:11,2020-11-02 14:31:41,1,D7:F2:3B:06:4D:C8,11,11,10916.37660492219,4758.389427237761,17948.07217720776
12145,-21761,-9974,-23562,-11772,-5655,9216,-10195,-9728,-11475,11,-1,38040,2020-11-02 14:31:11,2020-11-02 14:31:41,1,D7:F2:3B:06:4D:C8,11,11,-19554.71142242525,17865.48667708113,-20654.957951463075
12146,9982,1550,21748,-19708,10216,10235,25390,-2814,-11478,11,-1,38066,2020-11-02 14:31:11,2020-11-02 14:31:41,1,D7:F2:3B:06:4D:C8,11,11,9890.842158342059,-15504.324832631299,-15388.485334269119
12147,32761,16651,25336,-27643,6881,-12555,-31442,2310,-20441,11,-1,38091,2020-11-02 14:31:11,2020-11-02 14:31:41,1,D7:F2:3B:06:4D:C8,11,11,-35195.15152299312,14752.946468056582,23153.913228312216
12829,-28174,24576,16879,-6926,25562,9449,-12483,-2043,-8648,11,1,55539,2020-11-02 14:31:11,2020-11-02 14:31:41,1,D7:F2:3B:06:4D:C8,11,11,-10913.46698237513,26474.387146566598,-29371.03601574717
12830,-8209,-31490,31217,-26378,20952,-16146,12860,-13044,3897,11,1,55564,2020-11-02 14:31:11,2020-11-02 14:31:41,1,D7:F2:3B:06:4D:C8,11,11,41265.31993972686,-15281.073890347792,9857.536255561623
12831,-15890,27900,245,-11264,16088,-25099,-14790,11539,-19913,11,1,55590,2020-11-02 14:31:11,2020-11-02 14:31:41,1,D7:F2:3B:06:4D:C8,11,11,14775.819799683322,13609.075549138233,25048.559578249893
12832,-29712,-15622,17143,-15862,10207,-17155,-25544,21272,-12493,11,1,55616,2020-11-02 14:31:11,2020-11-02 14:31:41,1,D7:F2:3B:06:4D:C8,11,11,-13400.51422819487,-22642.02859761176,26990.684252254112
12833,17143,-18438,-18952,-32750,8682,-13828,-6091,-18405,15918,11,1,55641,2020-11-02 14:31:11,2020-11-02 14:31:41,1,D7:F2:3B:06:4D:C8,11,11,30931.988267573262,-5326.786422367556,-2803.220509555138
12834,11510,29433,3321,30486,22770,-4866,21044,-9955,17193,11,1,55667,2020-11-02 14:31:11,2020-11-02 14:31:41,1,D7:F2:3B:06:4D:C8,11,11,-1257.2172501993527,30085.609042458946,10153.135640289349
12835,509,-6407,-23304,20762,10494,9989,30003,14878,29732,11,1,55692,2020-11-02 14:31:11,2020-11-02 14:31:41,1,D7:F2:3B:06:4D:C8,11,11,-23352.078946909125,-6244.468398489142,-268.6434022894928
12836,-23040,-1030,23032,14621,-4345,-3067,-6090,7197,-30173,11,1,55718,2020-11-02 14:31:11,2020-11-02 14:31:41,1,D7:F2:3B:06:4D:C8,11,11,-18404.9767902295,4143.200569259267,26579.43269511227
12837,27908,-13317,9968,-28130,22543,-8961,-17347,9499,-13531,11,1,55743,2020-11-02 14:31:11,2020-11-02 14:31:41,1,D7:F2:3B:06:4D:C8,11,11,9789.583762236274,-13670.105100579149,-27800.220382243013
12838,-21758,-26117,-792,-8419,-30442,-27909,-1468,14872,-25048,11,1,55769,2020-11-02 14:31:11,2020-11-02 14:31:41,1,D7:F2:3B:06:4D:C8,11,11,14317.709974593936,23378.67436683921,20114.081707418518
12839,12290,-12037,-19485,-32230,12574,25083,22717,-7661,29737,11,1,55797,2020-11-02 14:31:11,2020-11-02 14:31:41,1,D7:F2:3B:06:4D:C8,11,11,11748.502979464542,11987.281050917993,19846.321189273724
12840,16379,-29446,19169,-3563,-17888,-24840,-20800,-17906,1577,11,1,55820,2020-11-02 14:31:11,2020-11-02 14:31:41,1,D7:F2:3B:06:4D:C8,11,11,-14123.442128977751,31856.448489396313,16984.82234443021
12841,-16906,-25092,-17696,22800,-230,-18700,21955,-6903,-19928,11,1,55846,2020-11-02 14:31:11,2020-11-02 14:31:41,1,D7:F2:3B:06:4D:C8,11,11,24545.20790595157,-24115.66909020959,-6673.603912813678
12842,22014,23808,-13091,-18938,-25321,-9231,-4412,-23547,-16600,11,1,55871,2020-11-02 14:31:11,2020-11-02 14:31:41,1,D7:F2:3B:06:4D:C8,11,11,31759.511416978443,12185.22301112078,-8103.401490983186
12843,-5893,11258,-7972,-13061,-24808,6894,-9276,10753,7465,11,1,55897,2020-11-02 14:31:11,2020-11-02 14:31:41,1,D7:F2:3B:06:4D:C8,11,11,-7459.315841571987,-12774.850493253773,-2486.8854116519196
12844,-31755,-11535,31969,8437,-19179,12269,28355,-17412,2090,11,1,55923,2020-11-02 14:31:11,2020-11-02 14:31:41,1,D7:F2:3B:06:4D:C8,11,11,33154.16469615797,31733.998139160918,7563.5928237685885
12706,-16136,-18688,25079,16669,27407,-19195,-2005,-21991,-739,11,-1,52392,2020-11-02 14:31:11,2020-11-02 14:31:41,1,D7:F2:3B:06:4D:C8,11,11,12435.370243011377,-18688.0,-27105.134272296593
12707,31991,-19967,29940,10526,13330,-26874,-4045,27415,-13535,11,-1,52418,2020-11-02 14:31:11,2020-11-02 14:31:41,1,D7:F2:3B:06:4D:C8,11,11,-24.682153759735233,47926.72881183461,4640.7786187393895
12708,-6920,23806,-22543,-31712,23315,5126,25914,-29420,-16093,11,-1,52443,2020-11-02 14:31:11,2020-11-02 14:31:41,1,D7:F2:3B:06:4D:C8,11,11,-27536.101784081948,18221.29000389745,5704.960484573555
12709,13567,24312,-6677,-32475,-3818,-22266,21056,9489,25124,11,-1,52469,2020-11-02 14:31:11,2020-11-02 14:31:41,1,D7:F2:3B:06:4D:C8,11,11,-27816.360191022635,3174.4339183525785,-5991.013021293118
12710,-10234,17400,-13342,11305,-19430,6663,7750,4621,-16349,11,-1,52494,2020-11-02 14:31:11,2020-11-02 14:31:41,1,D7:F2:3B:06:4D:C8,11,11,23015.98499044093,721.403840876863,7432.881770764678
12711,18957,8193,15833,-16092,-1252,9731,-11074,-17912,20258,11,-1,52520,2020-11-02 14:31:11,2020-11-02 14:31:41,1,D7:F2:3B:06:4D:C8,11,11,16306.610866734785,-20253.58375971231,1031.3941677189996
12712,20740,21253,8918,-12010,-28390,30456,-10558,22788,18209,11,-1,52546,2020-11-02 14:31:11,2020-11-02 14:31:41,1,D7:F2:3B:06:4D:C8,11,11,19472.8133189829,-21955.001473539218,10007.786205796603
12713,-1803,-16891,16599,-11261,-8686,28659,31172,-31232,20513,11,-1,52571,2020-11-02 14:31:11,2020-11-02 14:31:41,1,D7:F2:3B:06:4D:C8,11,11,-20910.116402141943,-8257.648712837092,7659.096603663794
12714,-22021,-10499,-9499,7414,-19959,-11792,30147,-9731,20002,11,-1,52597,2020-11-02 14:31:11,2020-11-02 14:31:41,1,D7:F2:3B:06:4D:C8,11,11,19626.920439692625,9411.42466388222,-14546.254598694644
12715,-14847,-9225,492,-270,-1016,7920,19649,-15109,7460,11,-1,52622,2020-11-02 14:31:11,2020-11-02 14:31:41,1,D7:F2:3B:06:4D:C8,11,11,-3409.3039190547997,11464.72880759634,-12755.89033175608
12716,27138,-6411,-23315,30709,-11507,8434,7615,26105,-14043,11,-1,52648,2020-11-02 14:31:11,2020-11-02 14:31:41,1,D7:F2:3B:06:4D:C8,11,11,16405.209681314223,-2974.438033437877,32298.343668017285
12717,-32257,4091,14315,15607,22284,22771,13501,-778,24871,11,-1,52674,2020-11-02 14:31:11,2020-11-02 14:31:41,1,D7:F2:3B:06:4D:C8,11,11,9945.168983905336,34033.19081919761,-2237.20619202848
12718,-3069,-9219,-2837,15348,-14846,17903,-22598,-14091,-19927,11,-1,52699,2020-11-02 14:31:11,2020-11-02 14:31:41,1,D7:F2:3B:06:4D:C8,11,11,3666.540617045531,-8291.942767297003,-4500.828373469298
12719,26119,-18947,15597,-16657,15865,11239,-30397,26614,17453,11,-1,52726,2020-11-02 14:31:11,2020-11-02 14:31:41,1,D7:F2:3B:06:4D:C8,11,11,9473.015217647764,19186.061936076367,28750.902404468197
12720,-30972,-18181,27121,11245,26351,2272,19263,19961,30513,11,-1,52750,2020-11-02 14:31:11,2020-11-02 14:31:41,1,D7:F2:3B:06:4D:C8,11,11,21109.78077463435,-21402.018621548348,33491.68464812983
12285,-32012,258,-24845,16614,-5128,22778,-7371,-7167,23095,11,1,41622,2020-11-02 14:31:11,2020-11-02 14:31:41,1,D7:F2:3B:06:4D:C8,11,11,-11913.758272663965,17977.053945490123,-34307.384456724016
12286,-15113,-10238,-32262,-24597,-25104,-29189,19762,-19453,-31178,11,1,41647,2020-11-02 14:31:11,2020-11-02 14:31:41,1,D7:F2:3B:06:4D:C8,11,11,-11061.638772967966,14387.123671787076,-32321.92564048552
12287,-13830,5,19452,7668,23019,-17926,-30161,-763,-30924,11,1,41673,2020-11-02 14:31:11,2020-11-02 14:31:41,1,D7:F2:3B:06:4D:C8,11,11,13962.401614063932,-18552.66972192391,5522.591453003993
12288,-25861,18436,1278,-14597,16869,9205,-29907,-8440,-15055,11,1,41698,2020-11-02 14:31:11,2020-11-02 14:31:41,1,D7:F2:3B:06:4D:C8,11,11,15773.231397665966,24843.317277679213,-12013.553134533091
12289,-13063,14341,18682,-12798,-19489,-5397,-8917,5901,7726,11,1,41724,2020-11-02 14:31:11,2020-11-02 14:31:41,1,D7:F2:3B:06:4D:C8,11,11,-24459.079944694357,5343.731068184105,9925.790675305145
12290,-13584,7172,-12806,-15098,14301,3048,-29911,8722,20009,11,1,41749,2020-11-02 14:31:11,2020-11-02 14:31:41,1,D7:F2:3B:06:4D:C8,11,11,2542.8642439370833,-14821.585545814485,13183.729341313458
12291,16111,2305,-15877,-28402,13023,-10009,-8667,-7914,32546,11,1,41775,2020-11-02 14:31:11,2020-11-02 14:31:41,1,D7:F2:3B:06:4D:C8,11,11,-6637.223775217894,-20270.742139813992,7874.0554137529125
12292,-10520,-7942,-17156,17430,29415,-3866,5408,-12774,-14824,11,1,41801,2020-11-02 14:31:11,2020-11-02 14:31:41,1,D7:F2:3B:06:4D:C8,11,11,-15535.326522858371,-14860.697929230362,-2426.393802403396
12293,15095,-9221,-17418,-32230,-8208,-29463,792,17181,12300,11,1,41826,2020-11-02 14:31:11,2020-11-02 14:31:41,1,D7:F2:3B:06:4D:C8,11,11,17589.749275928247,-16276.259147636587,-6477.39905895554
12294,-7435,5887,32755,9500,4868,-23568,17170,23839,258,11,1,41852,2020-11-02 14:31:11,2020-11-02 14:31:41,1,D7:F2:3B:06:4D:C8,11,11,11124.542155073785,-32233.893642428236,-216.0589933588326
12295,-13321,-2305,29934,-18146,-31979,-22530,7462,5921,25617,11,1,41877,2020-11-02 14:31:11,2020-11-02 14:31:41,1,D7:F2:3B:06:4D:C8,11,11,-23129.711394632148,13660.90892657696,18899.800001608317
12361,-29696,30716,23781,26600,8447,-25372,-9404,-6916,5420,11,-1,43566,2020-11-02 14:31:11,2020-11-02 14:31:41,1,D7:F2:3B:06:4D:C8,11,11,-5107.635213040037,36606.94711676237,-32011.00620600791
12362,6153,19701,-27414,14818,-20233,-7718,11072,-22018,-4560,11,-1,43591,2020-11-02 14:31:11,2020-11-02 14:31:41,1,D7:F2:3B:06:4D:C8,11,11,-6340.637879178077,33712.58130543189,-879.9880736555498
12363,-24063,32244,-1810,-18716,29180,25048,-7365,-16127,14646,11,-1,43617,2020-11-02 14:31:11,2020-11-02 14:31:41,1,D7:F2:3B:06:4D:C8,11,11,-29260.588789112706,25731.62183397138,-10182.395911961916
12364,-8720,-19971,17393,-25365,-9982,20964,5433,9732,-19654,11,-1,43643,2020-11-02 14:31:11,2020-11-02 14:31:41,1,D7:F2:3B:06:4D:C8,11,11,-12643.259259487657,18370.627266216718,16735.10499348941
12365,-24338,-256,11251,-11284,6396,-9239,-9162,28934,-24771,11,-1,43668,2020-11-02 14:31:11,2020-11-02 14:31:41,1,D7:F2:3B:06:4D:C8,11,11,1397.6102680172144,-15890.597363057715,-21552.827702738126
12366,-5651,16383,16378,-11283,26098,16107,-31180,-12023,6975,11,-1,43694,2020-11-02 14:31:11,2020-11-02 14:31:41,1,D7:F2:3B:06:4D:C8,11,11,574.8560953865035,-19571.079646404083,-13609.473022263015
12367,-7702,-23298,-19458,28660,24041,-11793,5170,-5107,-18882,11,-1,43719,2020-11-02 14:31:11,2020-11-02 14:31:41,1,D7:F2:3B:06:4D:C8,11,11,4337.108261037844,24151.751487874277,-19458.0
12368,-8727,-29440,-24580,-9987,-27167,30197,5679,1042,-29381,11,-1,43745,2020-11-02 14:31:11,2020-11-02 14:31:41,1,D7:F2:3B:06:4D:C8,11,11,25755.210753545223,-16719.546885022588,-24580.0
12369,-4365,-22018,-2821,12552,21985,-31236,-8406,-2796,25141,11,-1,43771,2020-11-02 14:31:11,2020-11-02 14:31:41,1,D7:F2:3B:06:4D:C8,11,11,-7946.542695016556,12631.045748109551,17003.315338646244
12370,-19205,19715,16883,27919,21482,5116,-23001,29718,-3538,11,-1,43796,2020-11-02 14:31:11,2020-11-02 14:31:41,1,D7:F2:3B:06:4D:C8,11,11,-9173.053297020502,-25663.680513609863,-17314.14262114595
12371,-12814,18950,1781,-12532,20972,20724,20773,15640,-16855,11,-1,43822,2020-11-02 14:31:11,2020-11-02 14:31:41,1,D7:F2:3B:06:4D:C8,11,11,-19851.129948671307,2309.548165735343,11272.60768549645
12372,1007,-30972,-30215,-17654,-31765,-1552,25120,25882,23330,11,-1,43847,2020-11-02 14:31:11,2020-11-02 14:31:41,1,D7:F2:3B:06:4D:C8,11,11,19810.75906651411,26948.88851290237,-27468.45993367098
12373,-6929,11778,-19460,-10741,-12303,10996,7194,-15845,-12519,11,-1,43873,2020-11-02 14:31:11,2020-11-02 14:31:41,1,D7:F2:3B:06:4D:C8,11,11,19247.953563811145,-12583.518161743172,-6049.403216718957
12374,9972,17408,5119,21006,15610,6649,-28650,18972,-4333,11,-1,43898,2020-11-02 14:31:11,2020-11-02 14:31:41,1,D7:F2:3B:06:4D:C8,11,11,-7311.579736791275,29.257962543237227,-19370.6828667492
12375,-9740,10494,-21249,-17647,-6399,-12035,-30953,-17124,19730,11,-1,43924,2020-11-02 14:31:11,2020-11-02 14:31:41,1,D7:F2:3B:06:4D:C8,11,11,-3675.603428777144,-23065.055320606094,-10535.881524188757
12376,22774,-32002,-14339,21525,11271,-30464,12829,6173,1557,11,-1,43950,2020-11-02 14:31:11,2020-11-02 14:31:41,1,D7:F2:3B:06:4D:C8,11,11,-7160.236092663821,26355.946866435097,-31662.044862436862
12377,29430,-9218,3322,18455,-32247,-16386,-19675,16413,16666,11,-1,43975,2020-11-02 14:31:11,2020-11-02 14:31:41,1,D7:F2:3B:06:4D:C8,11,11,-2875.4389300447137,-16772.739012670656,-25933.360464321224
12378,-6412,-4609,13815,21016,-246,-1543,-22737,22557,-14816,11,-1,44026,2020-11-02 14:31:11,2020-11-02 14:31:41,1,D7:F2:3B:06:4D:C8,11,11,4045.1146653185097,-6810.663263250584,13800.824731117847
12379,19958,-11521,-17422,18456,-1010,4858,-6598,-31460,-29656,11,-1,44028,2020-11-02 14:31:11,2020-11-02 14:31:41,1,D7:F2:3B:06:4D:C8,11,11,21709.52668255888,-236.68377146409512,-19058.376662548922
12380,8953,20222,23281,28183,-5101,-8198,6723,5914,25645,11,-1,44052,2020-11-02 14:31:11,2020-11-02 14:31:41,1,D7:F2:3B:06:4D:C8,11,11,-25996.95362916556,-16844.448958842146,8456.559304822364
11881,-27161,-28435,6904,11240,-13046,-6922,-11833,-13811,-1349,11,1,31286,2020-11-02 14:31:11,2020-11-02 14:31:41,1,D7:F2:3B:06:4D:C8,11,11,-9595.231738368502,18110.9247320225,-34261.644666274005
11882,1760,-7438,24568,-22042,-26618,2049,-2109,30732,-17477,11,1,31312,2020-11-02 14:31:11,2020-11-02 14:31:41,1,D7:F2:3B:06:4D:C8,11,11,21779.18642678594,10617.735993132224,8656.719295867666
11883,15587,32755,19706,-8471,31745,-30715,-6465,19724,-14406,11,1,31337,2020-11-02 14:31:11,2020-11-02 14:31:41,1,D7:F2:3B:06:4D:C8,11,11,38585.31799323065,1936.5787226612372,14546.268532245882
11884,-9750,-16402,5121,-4624,-17413,24839,-29764,-4596,17734,11,1,31363,2020-11-02 14:31:11,2020-11-02 14:31:41,1,D7:F2:3B:06:4D:C8,11,11,11001.996763427285,8091.653757070175,-14275.641901267618
11885,27371,5363,16127,20471,-24588,-3063,6074,29454,-13500,11,1,31389,2020-11-02 14:31:11,2020-11-02 14:31:41,1,D7:F2:3B:06:4D:C8,11,11,-7657.742990905942,8914.149965628072,29998.50732412404
11886,26860,-24587,508,10749,20206,-6390,-22716,-13808,-21950,11,1,31414,2020-11-02 14:31:11,2020-11-02 14:31:41,1,D7:F2:3B:06:4D:C8,11,11,17181.66192597086,-22210.227132063654,23189.103846500562
11887,22762,-3849,-5640,16643,15079,15369,-13502,788,-6081,11,1,31440,2020-11-02 14:31:11,2020-11-02 14:31:41,1,D7:F2:3B:06:4D:C8,11,11,9330.755197960767,-21059.04038402011,5846.953953977933
11888,-12558,-3338,26867,-3319,-29982,15625,-30400,-5097,-10181,11,1,31465,2020-11-02 14:31:11,2020-11-02 14:31:41,1,D7:F2:3B:06:4D:C8,11,11,-29261.044381856045,-3864.434793754856,4420.262708014943
11889,19707,31223,-12046,30736,-31261,6404,-25283,-4581,25910,11,1,31491,2020-11-02 14:31:11,2020-11-02 14:31:41,1,D7:F2:3B:06:4D:C8,11,11,-21427.374399890847,-7533.1852722491385,31503.435367922513
11890,19704,-23819,-12040,6679,5355,31228,14907,21023,-16080,11,1,31516,2020-11-02 14:31:11,2020-11-02 14:31:41,1,D7:F2:3B:06:4D:C8,11,11,28063.46193085564,11192.903066372946,13700.912466043845
11891,-5894,-11020,16629,8478,-30732,27127,-25280,-11743,-7631,11,1,31542,2020-11-02 14:31:11,2020-11-02 14:31:41,1,D7:F2:3B:06:4D:C8,11,11,6234.172451427123,-19669.712879805527,2634.5333689061113
11892,-2052,2040,-23314,31777,-24578,-10509,18391,-29919,-23613,11,1,31568,2020-11-02 14:31:11,2020-11-02 14:31:41,1,D7:F2:3B:06:4D:C8,11,11,-15228.334948518046,15687.99019262548,8596.49221553946
11893,14078,-22019,-13849,-22244,-502,-4365,23511,31007,-2370,11,1,31593,2020-11-02 14:31:11,2020-11-02 14:31:41,1,D7:F2:3B:06:4D:C8,11,11,-20666.63089308216,3911.621130276373,20794.490464117596
11894,16634,23809,15844,-15852,25618,-8462,8403,-16356,-31421,11,1,31619,2020-11-02 14:31:11,2020-11-02 14:31:41,1,D7:F2:3B:06:4D:C8,11,11,-8890.22260650096,-31704.116404265733,3225.479504140149
11895,-12809,11525,8162,-7416,-27371,4597,-21041,-28391,-24771,11,1,31644,2020-11-02 14:31:11,2020-11-02 14:31:41,1,D7:F2:3B:06:4D:C8,11,11,7092.230530327335,7481.7899215834705,16038.623247460637
11896,13811,19203,30693,17147,3601,-21261,3789,21270,-25542,11,1,31670,2020-11-02 14:31:11,2020-11-02 14:31:41,1,D7:F2:3B:06:4D:C8,11,11,-8426.938357974504,-19621.505685213346,-32334.84812947229
11897,-19984,-19716,21229,23024,15368,25842,4299,-25581,31034,11,1,31696,2020-11-02 14:31:11,2020-11-02 14:31:41,1,D7:F2:3B:06:4D:C8,11,11,-10643.475956096403,-33524.780623741375,1247.7406389200205
11898,-18440,10745,-14096,-23315,28938,-9997,201,23313,29499,11,1,31721,2020-11-02 14:31:11,2020-11-02 14:31:41,1,D7:F2:3B:06:4D:C8,11,11,16748.75150267005,-18739.841468577288,-4741.677533784723
11899,4845,-26120,-6430,-15633,21021,-4874,-2363,-22003,-16070,11,1,31747,2020-11-02 14:31:11,2020-11-02 14:31:41,1,D7:F2:3B:06:4D:C8,11,11,-22132.407135321173,14406.114899578144,7049.37819219092
11900,-13610,-20999,-1551,-9234,16671,-22011,6082,10249,15672,11,1,31772,2020-11-02 14:31:11,2020-11-02 14:31:41,1,D7:F2:3B:06:4D:C8,11,11,18671.180537487664,-16669.524278028286,1452.4736420215356
12119,19951,25343,8193,-11000,7653,27109,8468,-24805,1297,11,-1,37376,2020-11-02 14:31:11,2020-11-02 14:31:41,1,D7:F2:3B:06:4D:C8,11,11,6448.406602060195,6798.7095590851695,-31931.65983198666
12120,-11785,-9220,-26368,-31730,17902,-21784,-16121,1051,-3583,11,-1,37426,2020-11-02 14:31:11,2020-11-02 14:31:41,1,D7:F2:3B:06:4D:C8,11,11,-11785.0,-20139.480717574923,19356.682061407842
12121,14836,15865,-28413,17940,-20484,-6417,18434,27930,10745,11,-1,37428,2020-11-02 14:31:11,2020-11-02 14:31:41,1,D7:F2:3B:06:4D:C8,11,11,-7814.5647377172045,-33818.69271480095,-8621.617656907305
12122,10997,23799,6147,31515,4363,-32006,30978,25115,19701,11,-1,37452,2020-11-02 14:31:11,2020-11-02 14:31:41,1,D7:F2:3B:06:4D:C8,11,11,-10460.40307027881,-11282.117532163733,22099.905216940308
12123,-7943,-7427,30974,11040,-27119,-32514,-21753,-15331,-11275,11,-1,37477,2020-11-02 14:31:11,2020-11-02 14:31:41,1,D7:F2:3B:06:4D:C8,11,11,26201.29203484913,-19107.639367405358,5102.025824095034
12124,-1796,26370,-21518,-29666,-31979,-14342,-16364,-20960,7166,11,-1,37503,2020-11-02 14:31:11,2020-11-02 14:31:41,1,D7:F2:3B:06:4D:C8,11,11,27804.746986339556,-13220.684427352628,14619.725999415909
12125,-30470,-21755,18156,10776,7450,-3082,-5825,29728,21029,11,-1,37528,2020-11-02 14:31:11,2020-11-02 14:31:41,1,D7:F2:3B:06:4D:C8,11,11,34750.69282671405,-8512.679254380175,-21242.996515920502
12126,12533,-28667,-10772,-26351,31516,-24842,-12867,8476,-7124,11,-1,37554,2020-11-02 14:31:11,2020-11-02 14:31:41,1,D7:F2:3B:06:4D:C8,11,11,19344.34830758796,-26176.046605238607,5959.843510956926
12127,-21520,-26366,4334,-8436,4893,-19977,26304,28439,19757,11,-1,37579,2020-11-02 14:31:11,2020-11-02 14:31:41,1,D7:F2:3B:06:4D:C8,11,11,-3993.0512919759612,-20152.12272856176,-27477.398037525923
12128,-30475,-1278,-7702,-25847,1309,1527,-18495,-11502,-7636,11,-1,37605,2020-11-02 14:31:11,2020-11-02 14:31:41,1,D7:F2:3B:06:4D:C8,11,11,3167.496257269544,-4603.075092203327,-30958.978990847238
12129,7414,-17407,4584,-6396,-14050,5878,24258,-2291,24876,11,-1,37631,2020-11-02 14:31:11,2020-11-02 14:31:41,1,D7:F2:3B:06:4D:C8,11,11,6390.251771893128,-15315.683257220502,10177.35867778631
12130,8173,-18435,-20759,14591,-24548,-6154,20930,8713,-4053,11,-1,37656,2020-11-02 14:31:11,2020-11-02 14:31:41,1,D7:F2:3B:06:4D:C8,11,11,19520.04827820905,21180.021922144,2820.925662595095
12131,-31760,11520,15591,6394,-21485,-31237,-27711,-31739,32043,11,-1,37682,2020-11-02 14:31:11,2020-11-02 14:31:41,1,D7:F2:3B:06:4D:C8,11,11,-21491.422873109343,4510.170685215627,30037.716029675328
12528,-21252,-31994,-32029,19723,6930,-17164,-19014,-15346,23848,11,1,47838,2020-11-02 14:31:11,2020-11-02 14:31:41,1,D7:F2:3B:06:4D:C8,11,11,36298.98586234565,485.39581747320335,-34398.66853913985
12529,22781,1794,5606,3842,-4848,28142,-12868,-13045,-19670,11,1,47864,2020-11-02 14:31:11,2020-11-02 14:31:41,1,D7:F2:3B:06:4D:C8,11,11,6430.811876986661,-3478.246287655551,22364.393449526357
12530,-4883,-27392,10466,14075,14862,-32022,-10563,-5112,-13779,11,1,47889,2020-11-02 14:31:11,2020-11-02 14:31:41,1,D7:F2:3B:06:4D:C8,11,11,-3417.488534139092,6934.119526137028,28704.377149073847
12531,24301,-31490,4071,1779,19975,10478,10685,-6650,32304,11,1,47915,2020-11-02 14:31:11,2020-11-02 14:31:41,1,D7:F2:3B:06:4D:C8,11,11,-10075.859944223446,-37995.058399195936,7320.131530654627
12532,-17678,-27395,-24599,29422,13312,-10771,32699,14342,15667,11,1,47941,2020-11-02 14:31:11,2020-11-02 14:31:41,1,D7:F2:3B:06:4D:C8,11,11,18153.583815406466,35690.51942200129,8046.286599715459
12533,23797,-2823,17135,-5394,16126,11757,18758,25094,15926,11,1,47966,2020-11-02 14:31:11,2020-11-02 14:31:41,1,D7:F2:3B:06:4D:C8,11,11,662.5948039756095,-2352.903216096893,29358.126261419093
12534,-29199,-3845,-29712,31985,14590,19696,-15548,-12538,2361,11,1,47992,2020-11-02 14:31:11,2020-11-02 14:31:41,1,D7:F2:3B:06:4D:C8,11,11,-2271.116251064865,-25416.960559320887,-33150.99873156275
12535,32751,-31235,242,-3342,-9474,-20233,17731,16647,-11974,11,1,48017,2020-11-02 14:31:11,2020-11-02 14:31:41,1,D7:F2:3B:06:4D:C8,11,11,35516.98367822663,3381.588310349597,-27846.373568202558
12536,-21264,24317,11508,12021,-7428,17149,-17599,-14329,-31685,11,1,48043,2020-11-02 14:31:11,2020-11-02 14:31:41,1,D7:F2:3B:06:4D:C8,11,11,27861.333711184332,15043.495226889192,-13166.152976195657
12537,11503,13310,23282,-11530,-5382,513,17472,-31992,29243,11,1,48068,2020-11-02 14:31:11,2020-11-02 14:31:41,1,D7:F2:3B:06:4D:C8,11,11,-20619.226158709946,11668.528625164525,-17035.832393507742
12538,32238,32511,-4113,12790,-4874,1030,31294,26121,31290,11,1,48094,2020-11-02 14:31:11,2020-11-02 14:31:41,1,D7:F2:3B:06:4D:C8,11,11,6027.030199604112,-1767.5242535552661,45538.13016567713
12539,-22028,25600,23022,11767,8433,-29688,11836,-12790,27448,11,1,48120,2020-11-02 14:31:11,2020-11-02 14:31:41,1,D7:F2:3B:06:4D:C8,11,11,-21755.962628747668,23135.294353130084,-25730.167377818638
12540,5625,12033,-24082,24823,8179,29962,-25031,-3061,-14795,11,1,48145,2020-11-02 14:31:11,2020-11-02 14:31:41,1,D7:F2:3B:06:4D:C8,11,11,7079.5172114329725,-9426.089240943182,24847.650103677803
12541,6139,12291,23537,11513,2550,-24565,4919,19980,3123,11,1,48196,2020-11-02 14:31:11,2020-11-02 14:31:41,1,D7:F2:3B:06:4D:C8,11,11,-2756.0223069250396,12291.0,-24167.789121964208
12542,3069,19972,-31245,-31749,503,13835,-2764,9484,30000,11,1,48198,2020-11-02 14:31:11,2020-11-02 14:31:41,1,D7:F2:3B:06:4D:C8,11,11,12164.022419886587,29287.032427172406,-19464.219999225457
12543,21504,-15101,19704,-2306,24822,19719,26419,3084,12334,11,1,48222,2020-11-02 14:31:11,2020-11-02 14:31:41,1,D7:F2:3B:06:4D:C8,11,11,-31483.674811249897,9240.28604562427,-1450.9194238515865
12544,20737,-27645,25079,-19195,-3850,26368,-2766,-18164,-32724,11,1,48248,2020-11-02 14:31:11,2020-11-02 14:31:41,1,D7:F2:3B:06:4D:C8,11,11,19682.10334792555,-30921.82805022729,-21901.616215105107
12545,-17155,8709,25331,-8184,14589,26112,-11469,13069,-12245,11,1,48273,2020-11-02 14:31:11,2020-11-02 14:31:41,1,D7:F2:3B:06:4D:C8,11,11,21663.3262121802,694.9865681743618,23281.270542964867
12546,18430,-19964,3571,-27638,-8961,-17665,19765,15629,-21717,11,1,48299,2020-11-02 14:31:11,2020-11-02 14:31:41,1,D7:F2:3B:06:4D:C8,11,11,16029.422538402374,-17170.02752435558,-14114.744237790137
12547,-16899,5893,-32015,31244,12801,-3077,23095,25101,6700,11,1,48324,2020-11-02 14:31:11,2020-11-02 14:31:41,1,D7:F2:3B:06:4D:C8,11,11,22864.23285673308,-16363.737689392845,-23552.469503341505
12872,26372,-16900,-24596,7153,-23560,-26127,6726,1782,-29906,11,-1,56639,2020-11-02 14:31:11,2020-11-02 14:31:41,1,D7:F2:3B:06:4D:C8,11,11,-3609.902234437779,28569.50593596472,-27510.135158386216
12873,14600,3838,21995,-1298,-26894,28907,-27838,248,24113,11,-1,56664,2020-11-02 14:31:11,2020-11-02 14:31:41,1,D7:F2:3B:06:4D:C8,11,11,-24039.411961689228,1470.9363208661614,-11472.283463903315
12874,-4089,20477,238,-18964,-14609,5863,-5570,8955,22580,11,-1,56690,2020-11-02 14:31:11,2020-11-02 14:31:41,1,D7:F2:3B:06:4D:C8,11,11,-900.7937055995136,-20555.590123041708,3569.3668056761053
12875,-27901,-2051,9969,26094,6894,31460,-14277,7679,3639,11,-1,56716,2020-11-02 14:31:11,2020-11-02 14:31:41,1,D7:F2:3B:06:4D:C8,11,11,-16996.556759695985,9918.30320978341,22244.04825460583
12876,10746,-2561,-7438,12529,-12822,-24349,-29639,-11261,19513,11,-1,56741,2020-11-02 14:31:11,2020-11-02 14:31:41,1,D7:F2:3B:06:4D:C8,11,11,-10455.444921370596,-4980.388683076779,6575.597391999189
12877,-32269,6655,13302,-32012,27618,-21532,-2761,-29687,-27590,11,-1,56767,2020-11-02 14:31:11,2020-11-02 14:31:41,1,D7:F2:3B:06:4D:C8,11,11,-7391.020515225684,-1623.9081929732401,34716.80181013665
12878,13556,16384,-24328,6650,-29474,485,-16074,7696,-21446,11,-1,56792,2020-11-02 14:31:11,2020-11-02 14:31:41,1,D7:F2:3B:06:4D:C8,11,11,-7358.082954126004,28183.208397864113,-13986.334603560801
12879,28401,13821,6138,-10495,19172,-789,16182,-235,17466,11,-1,56818,2020-11-02 14:31:11,2020-11-02 14:31:41,1,D7:F2:3B:06:4D:C8,11,11,-26517.48740688192,15227.369017570298,10013.090453431389
12880,2030,-25348,18427,-27637,4077,3062,9526,5914,-7368,11,-1,56844,2020-11-02 14:31:11,2020-11-02 14:31:41,1,D7:F2:3B:06:4D:C8,11,11,-29150.420612060985,-8647.26190405262,-7853.290565275816
12881,21750,17915,-27398,25618,4856,8448,10038,-7909,22070,11,-1,56869,2020-11-02 14:31:11,2020-11-02 14:31:41,1,D7:F2:3B:06:4D:C8,11,11,-16027.031597661558,-30780.43836473156,18448.821134222097
12882,-4363,23803,-13576,28182,-21503,-7163,-15817,-16869,-24268,11,-1,56895,2020-11-02 14:31:11,2020-11-02 14:31:41,1,D7:F2:3B:06:4D:C8,11,11,6145.819910933928,26924.44722302478,2688.753123089057
12035,-20488,6398,26850,-17664,15903,-8213,-30007,25617,-28623,11,1,35228,2020-11-02 14:31:11,2020-11-02 14:31:41,1,D7:F2:3B:06:4D:C8,11,11,16161.079336347604,17901.95845257992,-24493.967548079687
12036,1504,-8969,-18972,32505,-227,-2836,21704,-20725,-21200,11,1,35251,2020-11-02 14:31:11,2020-11-02 14:31:41,1,D7:F2:3B:06:4D:C8,11,11,5552.092846006955,-10881.961373179478,-17128.892045370245
12037,9438,-11008,-23580,27633,-16882,11766,28358,-761,20272,11,1,35277,2020-11-02 14:31:11,2020-11-02 14:31:41,1,D7:F2:3B:06:4D:C8,11,11,-7840.607851427256,11875.403646444858,23743.798448313646
12038,-16148,-30980,742,-3867,-14593,15862,19907,-15610,7217,11,1,35303,2020-11-02 14:31:11,2020-11-02 14:31:41,1,D7:F2:3B:06:4D:C8,11,11,-19580.19105199992,26076.31634814211,-12558.292562239472
12039,23293,12532,13291,-28448,-28683,9198,29631,4103,-29389,11,1,35328,2020-11-02 14:31:11,2020-11-02 14:31:41,1,D7:F2:3B:06:4D:C8,11,11,-9023.042841315426,26959.893220950744,-8247.084903086708
12040,26875,31476,-25363,19425,1530,-7703,-3909,-9465,20535,11,1,35354,2020-11-02 14:31:11,2020-11-02 14:31:41,1,D7:F2:3B:06:4D:C8,11,11,-39945.848807686765,-26100.037710416495,8910.84533297859
12041,27880,-18184,-8973,-8217,18948,-26124,29253,-22777,2106,11,1,35379,2020-11-02 14:31:11,2020-11-02 14:31:41,1,D7:F2:3B:06:4D:C8,11,11,-29702.51866769674,-13762.540697015647,-10808.322874438683
12042,-10264,-21765,-20491,-29204,-26622,-27136,-32702,13575,-20678,11,1,35405,2020-11-02 14:31:11,2020-11-02 14:31:41,1,D7:F2:3B:06:4D:C8,11,11,21693.49544359289,-10519.29547893509,20437.28651425306
12043,-32276,28414,-12046,1518,-19460,-11771,-31425,18951,3642,11,1,35431,2020-11-02 14:31:11,2020-11-02 14:31:41,1,D7:F2:3B:06:4D:C8,11,11,35315.870629140714,19611.17915034428,-19036.61267239785
12044,-24336,9472,-31245,-23312,10742,26890,27964,-5625,20792,11,1,35456,2020-11-02 14:31:11,2020-11-02 14:31:41,1,D7:F2:3B:06:4D:C8,11,11,28303.14064483972,26104.709879662114,13254.66169832686
12045,13557,-2047,-19724,19701,12271,20235,-32455,-2040,-28875,11,1,35482,2020-11-02 14:31:11,2020-11-02 14:31:41,1,D7:F2:3B:06:4D:C8,11,11,-13734.509564431743,18200.56229720888,-7557.870936312119
12046,-12300,-14589,18933,3320,23527,-17659,-12490,-8950,20274,11,1,35507,2020-11-02 14:31:11,2020-11-02 14:31:41,1,D7:F2:3B:06:4D:C8,11,11,7780.464864602041,-24631.37218576377,-7439.575306230597
12047,-18440,-18429,-20492,11516,-30497,-16385,-7117,1806,23342,11,1,35533,2020-11-02 14:31:11,2020-11-02 14:31:41,1,D7:F2:3B:06:4D:C8,11,11,-8532.334918315217,31734.972386232017,4435.593927174806
12048,20220,26370,-27145,-14078,-6432,24059,-5840,27921,-17367,11,1,35558,2020-11-02 14:31:11,2020-11-02 14:31:41,1,D7:F2:3B:06:4D:C8,11,11,-15742.019576190107,6436.861056300357,39393.298470739035
12049,-11783,16640,-2823,30986,14823,-24585,-10706,-28396,29989,11,1,35584,2020-11-02 14:31:11,2020-11-02 14:31:41,1,D7:F2:3B:06:4D:C8,11,11,5194.81488323263,5759.398923589775,19066.75746863891
12050,9720,-11267,-20488,-21742,-29717,6643,-6099,-20201,31265,11,1,35610,2020-11-02 14:31:11,2020-11-02 14:31:41,1,D7:F2:3B:06:4D:C8,11,11,-25035.44480557758,2395.286255682768,2944.6460127179853
12721,-31231,-13316,-24078,2029,16872,-18724,-17349,18174,6453,11,-1,52776,2020-11-02 14:31:11,2020-11-02 14:31:41,1,D7:F2:3B:06:4D:C8,11,11,10432.437965219182,34357.51833296212,-21051.519496274494
12722,-6,-4098,13042,-5652,-14366,-8739,825,-28924,-27593,11,-1,52802,2020-11-02 14:31:11,2020-11-02 14:31:41,1,D7:F2:3B:06:4D:C8,11,11,-5072.167824553848,12142.1352751165,3705.275768459375
12723,32242,28415,-29967,10477,29663,13795,29494,19211,-30920,11,-1,52827,2020-11-02 14:31:11,2020-11-02 14:31:41,1,D7:F2:3B:06:4D:C8,11,11,9341.21850355606,-41310.76386429188,30840.595062636803
12724,13808,-12545,-7688,-29200,-29984,-9240,24627,30737,-18121,11,-1,52853,2020-11-02 14:31:11,2020-11-02 14:31:41,1,D7:F2:3B:06:4D:C8,11,11,10242.065264781691,-945.7660641935817,17359.402601004796
12725,-11027,-1538,17662,-16648,19431,495,-7633,24342,22069,11,-1,52878,2020-11-02 14:31:11,2020-11-02 14:31:41,1,D7:F2:3B:06:4D:C8,11,11,-996.2686520015496,-14030.896390377116,-15428.7981468273
12726,-5905,-18436,-6915,-21503,-22806,-26120,-27861,-20967,-15056,11,-1,52904,2020-11-02 14:31:11,2020-11-02 14:31:41,1,D7:F2:3B:06:4D:C8,11,11,12729.480003126033,-13718.666432726015,8504.756090424402
12727,-12559,-11781,-11777,-13816,17902,-16137,18726,-23013,9002,11,-1,52929,2020-11-02 14:31:11,2020-11-02 14:31:41,1,D7:F2:3B:06:4D:C8,11,11,-2689.626363531816,20473.407705915168,2970.464262025068
12728,-14864,-3076,11262,5901,-10001,18425,-17889,-6884,27681,11,-1,52955,2020-11-02 14:31:11,2020-11-02 14:31:41,1,D7:F2:3B:06:4D:C8,11,11,2863.253002796393,-3775.1357992887847,-18297.077579190227
12729,-20493,16637,18943,-15343,31734,-17665,12315,-9188,13082,11,-1,52981,2020-11-02 14:31:11,2020-11-02 14:31:41,1,D7:F2:3B:06:4D:C8,11,11,29102.688167238084,-5562.323643721574,-13329.822359018764
12730,7417,-29441,-28674,8982,-11778,4356,-23524,17692,29976,11,-1,53006,2020-11-02 14:31:11,2020-11-02 14:31:41,1,D7:F2:3B:06:4D:C8,11,11,37038.13969207807,19134.398701552745,2456.346978773061
12731,30969,-20992,-20740,4888,-17147,-18428,2850,-22245,23066,11,-1,53032,2020-11-02 14:31:11,2020-11-02 14:31:41,1,D7:F2:3B:06:4D:C8,11,11,2240.2094473460375,34709.12187560044,24902.78990909926
12732,7418,-21505,27130,-4326,-501,-8445,-14295,-10982,27934,11,-1,53057,2020-11-02 14:31:11,2020-11-02 14:31:41,1,D7:F2:3B:06:4D:C8,11,11,27368.358692894282,-19744.75745882812,10707.29397883188
12733,30972,-6147,22773,28702,28946,23556,-30158,9753,7203,11,-1,53083,2020-11-02 14:31:11,2020-11-02 14:31:41,1,D7:F2:3B:06:4D:C8,11,11,29141.51829150948,1740.6702218243572,-25756.589464532608
12734,19711,-2567,26607,-26846,14617,-4346,30266,-7403,25638,11,-1,53108,2020-11-02 14:31:11,2020-11-02 14:31:41,1,D7:F2:3B:06:4D:C8,11,11,17301.969572383572,-17887.061430063077,21994.097874508578
12735,2049,-26378,-17432,29734,-20964,13577,-16576,31249,8231,11,-1,53160,2020-11-02 14:31:11,2020-11-02 14:31:41,1,D7:F2:3B:06:4D:C8,11,11,-11770.422527863344,-27351.762829081083,10826.36285449853
12736,-15099,17657,-23583,14119,21020,-15864,10822,-10228,5670,11,-1,53162,2020-11-02 14:31:11,2020-11-02 14:31:41,1,D7:F2:3B:06:4D:C8,11,11,-9938.496254344462,29384.52804943837,-11562.142643738269
12737,-25335,4865,-1319,-992,-16102,23810,28350,-27384,-20444,11,-1,53185,2020-11-02 14:31:11,2020-11-02 14:31:41,1,D7:F2:3B:06:4D:C8,11,11,-14871.37211561166,2100.572035785358,21016.66242583452
12738,-23543,15620,-9767,20,-17383,16888,-319,32004,-1501,11,-1,53211,2020-11-02 14:31:11,2020-11-02 14:31:41,1,D7:F2:3B:06:4D:C8,11,11,2687.5545582741393,15620.0,-25346.482763813598
12739,18689,-31745,26325,20999,26139,7921,-14909,-4097,5156,11,-1,53236,2020-11-02 14:31:11,2020-11-02 14:31:41,1,D7:F2:3B:06:4D:C8,11,11,18689.0,37147.836087375115,17910.58134247774
12461,25058,508,-18978,17140,18461,-15377,-4165,8705,-21459,11,1,46124,2020-11-02 14:31:11,2020-11-02 14:31:41,1,D7:F2:3B:06:4D:C8,11,11,2477.9064843208944,-159.91819887998008,-31339.437098081828
12462,-21264,23548,-31770,31473,2316,23023,-15687,20990,-8145,11,1,46150,2020-11-02 14:31:11,2020-11-02 14:31:41,1,D7:F2:3B:06:4D:C8,11,11,-21805.207685148773,-37644.398610923134,11109.953691598232
12463,28670,30461,-28957,-11543,27646,20199,17475,4862,6451,11,1,46175,2020-11-02 14:31:11,2020-11-02 14:31:41,1,D7:F2:3B:06:4D:C8,11,11,37427.40478156951,10039.427438827692,32965.86928957071
12464,-30204,-7946,-1559,-24091,20984,-31522,19007,2048,27703,11,1,46201,2020-11-02 14:31:11,2020-11-02 14:31:41,1,D7:F2:3B:06:4D:C8,11,11,25862.52506375245,17572.782271604134,422.0587181563895
12465,-31752,-6662,-273,-19732,512,10468,6460,25090,-20933,11,1,46226,2020-11-02 14:31:11,2020-11-02 14:31:41,1,D7:F2:3B:06:4D:C8,11,11,-25332.933520697847,-207.28581326085637,-20269.331237796767
12466,25584,15109,30184,-23825,-25596,-19472,3642,24323,-21698,11,1,46252,2020-11-02 14:31:11,2020-11-02 14:31:41,1,D7:F2:3B:06:4D:C8,11,11,41302.36878658606,-9374.22194189708,-367.544012189228
12467,-22030,-4859,28389,-3098,30466,-6666,9015,2308,24640,11,1,46278,2020-11-02 14:31:11,2020-11-02 14:31:41,1,D7:F2:3B:06:4D:C8,11,11,-5665.977882640063,34002.96703365324,11249.93464610905
12468,-12307,19461,-9231,16868,-5890,-21763,8499,-27644,3649,11,1,46303,2020-11-02 14:31:11,2020-11-02 14:31:41,1,D7:F2:3B:06:4D:C8,11,11,16663.11333328163,18282.44183526156,1870.054967772302
12469,2545,30724,-5124,-8981,-11784,-18940,20527,-14588,16704,11,1,46329,2020-11-02 14:31:11,2020-11-02 14:31:41,1,D7:F2:3B:06:4D:C8,11,11,31001.08384870313,3614.6490606566604,-1601.1525142758264
12470,-12043,9989,-18435,-15626,16115,-26107,-7636,-15356,28734,11,1,46354,2020-11-02 14:31:11,2020-11-02 14:31:41,1,D7:F2:3B:06:4D:C8,11,11,-3541.137540888085,-23689.287709479868,-3307.746624818623
12471,10234,-19450,-14340,24317,-25108,29699,32299,16645,-18885,11,1,46380,2020-11-02 14:31:11,2020-11-02 14:31:41,1,D7:F2:3B:06:4D:C8,11,11,-11630.81011427209,17805.04766388586,-15374.569580072759
12472,-11267,21255,28154,-13565,-6679,-20989,-5590,-9467,28728,11,1,46405,2020-11-02 14:31:11,2020-11-02 14:31:41,1,D7:F2:3B:06:4D:C8,11,11,11934.9407279519,34584.432194516005,5730.817533581037
12473,20989,23817,21493,-7162,21733,10240,-13782,-7674,-21708,11,1,46431,2020-11-02 14:31:11,2020-11-02 14:31:41,1,D7:F2:3B:06:4D:C8,11,11,-35359.77124483988,-14769.941834912051,1127.8540268624483
12474,-9222,-29431,19188,13578,24293,21246,-12502,30216,-25040,11,1,46457,2020-11-02 14:31:11,2020-11-02 14:31:41,1,D7:F2:3B:06:4D:C8,11,11,-8994.510522315559,-35016.25019264757,-3517.014630317108
12475,31481,-22522,5365,24590,9702,-32003,14123,5642,-20692,11,1,46482,2020-11-02 14:31:11,2020-11-02 14:31:41,1,D7:F2:3B:06:4D:C8,11,11,-30531.74941140492,-8891.70282708414,-22711.824425043418
12587,18419,-14335,31483,29192,-18457,9462,-2515,17686,9775,11,-1,49348,2020-11-02 14:31:11,2020-11-02 14:31:41,1,D7:F2:3B:06:4D:C8,11,11,4610.7503141835705,-19350.62515719156,-33767.22319892652
12588,28406,-4097,30203,31247,-21782,22775,20779,-1000,-7127,11,-1,49373,2020-11-02 14:31:11,2020-11-02 14:31:41,1,D7:F2:3B:06:4D:C8,11,11,15174.275302625912,-24014.26125076253,-30478.912047844533
12589,-3083,-19201,17400,-4331,-6415,10235,28457,-13542,-30172,11,-1,49399,2020-11-02 14:31:11,2020-11-02 14:31:41,1,D7:F2:3B:06:4D:C8,11,11,-25113.16044017981,5772.201960186819,-4117.541406786701
12590,-5385,8959,-522,-9704,14844,28671,32554,26395,-12767,11,-1,49424,2020-11-02 14:31:11,2020-11-02 14:31:41,1,D7:F2:3B:06:4D:C8,11,11,-2361.407744112997,-10063.738723446097,1636.8586903745434
12591,-5642,-13572,-18186,-31716,-7679,-25857,-17618,30235,-6879,11,-1,49450,2020-11-02 14:31:11,2020-11-02 14:31:41,1,D7:F2:3B:06:4D:C8,11,11,-2038.4763132421594,23292.67936007537,240.09695764265416
12592,-1798,-5123,14835,-20450,-12534,-21504,-24779,-13286,22052,11,-1,49476,2020-11-02 14:31:11,2020-11-02 14:31:41,1,D7:F2:3B:06:4D:C8,11,11,-11848.117890657675,9647.098612594069,4013.8197278855214
12593,8956,1788,-21775,12320,15894,6915,10813,18200,20519,11,-1,49501,2020-11-02 14:31:11,2020-11-02 14:31:41,1,D7:F2:3B:06:4D:C8,11,11,7489.041748230563,-20551.61520801571,8893.97948248797
12594,14332,19191,-6677,-24028,-16867,28163,31043,6420,31272,11,-1,49527,2020-11-02 14:31:11,2020-11-02 14:31:41,1,D7:F2:3B:06:4D:C8,11,11,-3567.712698740886,8680.007619361619,-23026.33118469087
12595,20228,-30215,-20254,-1754,-28637,-28156,15548,-3570,-19161,11,-1,49552,2020-11-02 14:31:11,2020-11-02 14:31:41,1,D7:F2:3B:06:4D:C8,11,11,-15652.148145405183,-33535.22186848677,-19045.783724112152
12596,-27379,9987,-12331,12065,1065,-18939,-29760,8457,16165,11,-1,49578,2020-11-02 14:31:11,2020-11-02 14:31:41,1,D7:F2:3B:06:4D:C8,11,11,-9300.624237110802,-14899.538446239229,26323.098485723644
12597,22547,-9466,-22317,27153,-14042,-12804,21955,19203,-26590,11,-1,49603,2020-11-02 14:31:11,2020-11-02 14:31:41,1,D7:F2:3B:06:4D:C8,11,11,3199.8134512633583,-22859.966073539767,-23731.91941233842
12598,10746,-28165,3547,9219,25884,3307,25284,-19971,18978,11,-1,49629,2020-11-02 14:31:11,2020-11-02 14:31:41,1,D7:F2:3B:06:4D:C8,11,11,10209.183792567334,-22762.76962598797,-17290.281525868217
12599,-27668,8441,1509,-11782,11537,13805,-22333,30457,-16349,11,-1,49656,2020-11-02 14:31:11,2020-11-02 14:31:41,1,D7:F2:3B:06:4D:C8,11,11,-5210.355908402396,8184.162541146488,-27293.176085019328
12600,-2826,3836,2025,-14342,-7414,30966,27074,2295,-8156,11,-1,49706,2020-11-02 14:31:11,2020-11-02 14:31:41,1,D7:F2:3B:06:4D:C8,11,11,-2347.2038850566205,1851.282286241741,-4226.722704250026
12601,-3336,-22016,28902,-5385,27912,-31238,10177,25077,26149,11,-1,49708,2020-11-02 14:31:11,2020-11-02 14:31:41,1,D7:F2:3B:06:4D:C8,11,11,-30272.799306040044,20355.067332508625,-622.5849863763577
12602,-10239,30209,-17689,15092,-5376,6137,11199,-21772,7206,11,-1,49731,2020-11-02 14:31:11,2020-11-02 14:31:41,1,D7:F2:3B:06:4D:C8,11,11,-21992.28368172021,23507.032752707564,-17148.772335822672
12859,20220,24318,31477,-5864,27140,8967,-17098,9235,25899,11,1,56306,2020-11-02 14:31:11,2020-11-02 14:31:41,1,D7:F2:3B:06:4D:C8,11,11,26228.45469462448,2061.771254102665,-36039.3162619352
12860,17407,-30722,-14607,-10213,15627,23304,-24774,23313,4395,11,1,56332,2020-11-02 14:31:11,2020-11-02 14:31:41,1,D7:F2:3B:06:4D:C8,11,11,-1007.7264432526516,31135.853369134795,22130.352559128085
12861,-14591,-23555,19949,12829,32018,6153,-7618,-29938,-13782,11,1,56358,2020-11-02 14:31:11,2020-11-02 14:31:41,1,D7:F2:3B:06:4D:C8,11,11,-6796.911156428423,-24606.9338675648,22671.53967795111
12862,7938,30204,10984,-4323,3094,-11256,7491,1547,6698,11,1,56383,2020-11-02 14:31:11,2020-11-02 14:31:41,1,D7:F2:3B:06:4D:C8,11,11,-1665.811609623248,10503.085683743497,31350.470152793354
12863,-23804,-26627,21733,-7397,-24812,5892,-27718,-25849,16169,11,1,56409,2020-11-02 14:31:11,2020-11-02 14:31:41,1,D7:F2:3B:06:4D:C8,11,11,3475.285407961557,-9893.258291502309,40472.171497349016
12864,-24571,-9217,-16926,13591,32019,-32515,19902,-31228,-10712,11,1,56434,2020-11-02 14:31:11,2020-11-02 14:31:41,1,D7:F2:3B:06:4D:C8,11,11,13930.169387781138,-385.8492799774704,27945.985528531037
12865,12289,7169,7135,10767,7444,3066,6337,22785,-17624,11,1,56460,2020-11-02 14:31:11,2020-11-02 14:31:41,1,D7:F2:3B:06:4D:C8,11,11,10362.245537383502,3629.1067174012696,-11522.836406748502
12866,-25348,27648,-4641,19715,-16879,30712,14530,16638,-22488,11,1,56485,2020-11-02 14:31:11,2020-11-02 14:31:41,1,D7:F2:3B:06:4D:C8,11,11,-35840.850447165896,2250.2365246511044,11783.113502254593
12867,-10245,19708,-5659,28156,-18422,24309,-8255,-9477,16937,11,1,56511,2020-11-02 14:31:11,2020-11-02 14:31:41,1,D7:F2:3B:06:4D:C8,11,11,-9926.839635685265,7545.548639206509,-19233.09960928703
12868,-15108,29946,15338,-2822,-30712,8950,-8768,6394,22314,11,1,56537,2020-11-02 14:31:11,2020-11-02 14:31:41,1,D7:F2:3B:06:4D:C8,11,11,18064.67986025157,-31955.456927828014,3575.603177136733
12869,18431,-516,28393,20986,-9462,-5383,-10561,24568,1323,11,1,56562,2020-11-02 14:31:11,2020-11-02 14:31:41,1,D7:F2:3B:06:4D:C8,11,11,-23985.866754943,23613.089681822647,3637.3971040183533
12870,-27649,-20738,-29721,-18953,-5367,7674,-28738,-24330,-31957,11,1,56588,2020-11-02 14:31:11,2020-11-02 14:31:41,1,D7:F2:3B:06:4D:C8,11,11,-22641.02139579752,3195.9739154112262,39433.99024809752
12871,25598,-31491,-28951,-2829,5635,30455,31420,-28939,-30932,11,1,56613,2020-11-02 14:31:11,2020-11-02 14:31:41,1,D7:F2:3B:06:4D:C8,11,11,43227.28895272418,16770.20903819647,-18310.179262172256
12922,-25611,-19714,32248,-19705,-4622,23816,-8653,23053,-10188,11,-1,57918,2020-11-02 14:31:11,2020-11-02 14:31:41,1,D7:F2:3B:06:4D:C8,11,11,9008.165388097988,16479.89794427855,-41614.475138908536
12923,15354,17663,11510,20494,6388,20746,9012,-27379,1586,11,-1,57944,2020-11-02 14:31:11,2020-11-02 14:31:41,1,D7:F2:3B:06:4D:C8,11,11,5918.700724207244,-141.97140658993519,-25399.91753642085
12924,-6917,21758,15093,-23023,10740,21001,7221,-16115,16431,11,-1,57969,2020-11-02 14:31:11,2020-11-02 14:31:41,1,D7:F2:3B:06:4D:C8,11,11,9674.713370223712,-18870.185426254608,-17302.315601756396
12925,-15368,-5124,21234,-13291,2035,-9466,-18122,27406,-20692,11,-1,57995,2020-11-02 14:31:11,2020-11-02 14:31:41,1,D7:F2:3B:06:4D:C8,11,11,-24014.080286660606,-11573.957425610848,1637.38007071237
12926,-10250,5627,-3344,3354,-29708,20996,11321,26383,-29654,11,-1,58020,2020-11-02 14:31:11,2020-11-02 14:31:41,1,D7:F2:3B:06:4D:C8,11,11,-4341.814961502176,5960.217372212171,-9671.215886126009
12927,-11785,-23816,-15889,4894,-26633,-13052,30012,24848,-11736,11,-1,58046,2020-11-02 14:31:11,2020-11-02 14:31:41,1,D7:F2:3B:06:4D:C8,11,11,-17429.902452548307,14761.81102362911,-20900.618119981824
12928,30204,-25354,18157,-27359,-31490,-24826,-31424,-20464,28455,11,-1,58072,2020-11-02 14:31:11,2020-11-02 14:31:41,1,D7:F2:3B:06:4D:C8,11,11,-842.2101469860173,36664.891386557596,23232.735583229278
12929,1796,31222,-17432,24867,-15355,-20985,-3004,4368,806,11,-1,58097,2020-11-02 14:31:11,2020-11-02 14:31:41,1,D7:F2:3B:06:4D:C8,11,11,1796.0,31222.0,-17432.0
12930,15370,22779,23012,6177,-10740,25348,-11588,26126,-14300,11,-1,58123,2020-11-02 14:31:11,2020-11-02 14:31:41,1,D7:F2:3B:06:4D:C8,11,11,5048.713859670035,-16471.49629179413,31430.434029338314
12931,30732,18688,24801,-31976,-25583,19963,-15680,-10741,10788,11,-1,58148,2020-11-02 14:31:11,2020-11-02 14:31:41,1,D7:F2:3B:06:4D:C8,11,11,8957.334206546284,41295.16012613851,11102.37285758393
12932,28162,9983,4065,-9203,-15086,-9999,-22845,28424,-26588,11,-1,58174,2020-11-02 14:31:11,2020-11-02 14:31:41,1,D7:F2:3B:06:4D:C8,11,11,16389.971851688853,-4734.276042497543,24864.39645465541
11868,25839,25594,27388,-19457,9956,15613,-31938,15895,1855,11,1,30954,2020-11-02 14:31:11,2020-11-02 14:31:41,1,D7:F2:3B:06:4D:C8,11,11,18628.08011076883,-19002.968059728224,-36941.72623616453
11869,-7698,15097,-3844,-10746,13794,-14343,829,-17381,-17092,11,1,30979,2020-11-02 14:31:11,2020-11-02 14:31:41,1,D7:F2:3B:06:4D:C8,11,11,10330.478702551116,-13705.552456474465,2719.1893348872545
11870,14073,8950,-20484,8720,-6167,17142,-20420,-10465,27194,11,1,31005,2020-11-02 14:31:11,2020-11-02 14:31:41,1,D7:F2:3B:06:4D:C8,11,11,-3404.170327619511,14036.472166827833,22116.400215460526
11871,14075,1780,6136,1306,-13839,2546,15825,14626,-25141,11,1,31030,2020-11-02 14:31:11,2020-11-02 14:31:41,1,D7:F2:3B:06:4D:C8,11,11,9167.381123345693,-945.0203594343814,-12409.294132205088
11872,-7943,19696,3827,14368,-9992,-24083,1510,26655,-3877,11,1,31082,2020-11-02 14:31:11,2020-11-02 14:31:41,1,D7:F2:3B:06:4D:C8,11,11,2295.6081309762285,19696.0,-8512.776357275916
11873,-10,-28937,-31508,-31198,27396,-17943,-24603,24860,14038,11,1,31084,2020-11-02 14:31:11,2020-11-02 14:31:41,1,D7:F2:3B:06:4D:C8,11,11,-39294.982053595515,-16890.65443562621,845.1692989382153
11874,751,-25346,-286,10782,10514,-18703,-32286,29210,-23859,11,1,31107,2020-11-02 14:31:11,2020-11-02 14:31:41,1,D7:F2:3B:06:4D:C8,11,11,-10190.646757220667,22378.79455709661,-6197.240179371032
11875,32245,16646,27361,-25326,-3050,-8714,-25123,27929,27844,11,1,31133,2020-11-02 14:31:11,2020-11-02 14:31:41,1,D7:F2:3B:06:4D:C8,11,11,-12743.941187637858,33569.94177830833,27858.654562039
11876,2547,-30457,18913,-18174,15125,-16140,7896,-24553,-12868,11,1,31158,2020-11-02 14:31:11,2020-11-02 14:31:41,1,D7:F2:3B:06:4D:C8,11,11,-23888.58316124131,25589.287076710258,8145.035816628884
11877,-21271,-26880,-7188,-29195,17421,-781,-5677,10005,-25787,11,1,31184,2020-11-02 14:31:11,2020-11-02 14:31:41,1,D7:F2:3B:06:4D:C8,11,11,31808.586250083485,4294.66832401796,14015.23634326858
11878,9709,21500,-13582,8174,-20734,2292,15569,9747,15429,11,1,31211,2020-11-02 14:31:11,2020-11-02 14:31:41,1,D7:F2:3B:06:4D:C8,11,11,-14102.411047571235,22637.118884224834,5446.857467091682
11879,-20496,-13574,1003,-24601,-17922,-16,10703,28177,19898,11,1,31235,2020-11-02 14:31:11,2020-11-02 14:31:41,1,D7:F2:3B:06:4D:C8,11,11,-20260.68264385748,11148.818433995251,-8399.648048025572
11880,-5648,-17,29683,10210,20740,-27915,-25909,-13553,-25413,11,1,31261,2020-11-02 14:31:11,2020-11-02 14:31:41,1,D7:F2:3B:06:4D:C8,11,11,3916.7945460051496,29815.661040026996,2943.7661643888728
12603,-30459,12543,-26647,-24594,-2317,26863,-17221,25845,27688,11,-1,49757,2020-11-02 14:31:11,2020-11-02 14:31:41,1,D7:F2:3B:06:4D:C8,11,11,-13082.900154082157,9602.678060047192,-39137.78783520353
12604,13061,32508,30702,-21526,-281,-6683,-9917,28152,7724,11,-1,49783,2020-11-02 14:31:11,2020-11-02 14:31:41,1,D7:F2:3B:06:4D:C8,11,11,-36729.36766241262,23120.93104322344,16921.84055632913
12605,-26108,12030,19441,20969,14303,-12574,-20161,-14851,-32465,11,-1,49808,2020-11-02 14:31:11,2020-11-02 14:31:41,1,D7:F2:3B:06:4D:C8,11,11,17273.698980151144,26080.577486202972,-15024.108843099073
12606,-9475,-9725,-26643,11753,-3874,13796,21052,6660,-17359,11,-1,49834,2020-11-02 14:31:11,2020-11-02 14:31:41,1,D7:F2:3B:06:4D:C8,11,11,-13872.181228169497,-15500.299026103436,21482.644554947103
12607,-5134,14593,30957,18663,-8482,-15124,-10696,12298,21042,11,-1,49859,2020-11-02 14:31:11,2020-11-02 14:31:41,1,D7:F2:3B:06:4D:C8,11,11,-10906.666025396977,-32722.36925033573,2817.914273915051
12608,27638,-17664,17398,-23830,-10782,-5902,31540,19983,-12496,11,-1,49885,2020-11-02 14:31:11,2020-11-02 14:31:41,1,D7:F2:3B:06:4D:C8,11,11,20715.80928076064,17215.26095568144,-25554.96781588546
12609,5363,-20735,-11521,11764,-17178,30707,4912,23315,1326,11,-1,49936,2020-11-02 14:31:11,2020-11-02 14:31:41,1,D7:F2:3B:06:4D:C8,11,11,5213.63080975109,-20735.0,11589.359938306092
12610,-22548,15618,-26112,-9729,1259,31989,16684,-22250,13098,11,-1,49938,2020-11-02 14:31:11,2020-11-02 14:31:41,1,D7:F2:3B:06:4D:C8,11,11,-23497.326351744312,9904.833849141889,-27998.940921765512
12611,7921,-2305,-6913,7689,30447,25594,-5336,-20456,25637,11,-1,49962,2020-11-02 14:31:11,2020-11-02 14:31:41,1,D7:F2:3B:06:4D:C8,11,11,2743.59712851565,6702.9815837436545,7961.629712841086
12612,-21007,-9216,-14852,-13042,-4625,-1796,-2011,-13799,-3809,11,-1,49987,2020-11-02 14:31:11,2020-11-02 14:31:41,1,D7:F2:3B:06:4D:C8,11,11,22246.88197856085,-9216.0,-12920.998228928936
12613,2037,29954,28923,-19951,-28686,1280,22819,10522,19994,11,-1,50013,2020-11-02 14:31:11,2020-11-02 14:31:41,1,D7:F2:3B:06:4D:C8,11,11,24003.00917395549,30655.3276842098,-14900.934506557915
12666,23791,24063,29684,15850,12007,-8990,6710,11789,-23232,11,1,51369,2020-11-02 14:31:11,2020-11-02 14:31:41,1,D7:F2:3B:06:4D:C8,11,11,-6031.603195315762,25306.85246189581,-36733.66966920259
12667,10481,18176,29176,-21267,-1566,-5399,-17870,-5102,8000,11,1,51394,2020-11-02 14:31:11,2020-11-02 14:31:41,1,D7:F2:3B:06:4D:C8,11,11,17339.821470545565,1321.7977758036134,-31449.018347310743
12668,-17168,12031,-18434,-8973,28902,6641,-15571,32279,-12228,11,1,51420,2020-11-02 14:31:11,2020-11-02 14:31:41,1,D7:F2:3B:06:4D:C8,11,11,-19071.888363301674,10637.188497875206,-17389.96366064144
12669,8180,6911,30465,-26371,7400,7155,-26330,-25062,-1227,11,1,51446,2020-11-02 14:31:11,2020-11-02 14:31:41,1,D7:F2:3B:06:4D:C8,11,11,-16458.928943529347,-27573.319083344453,3406.798902184348
12670,31987,-13315,28159,23043,17894,-12819,24091,-18660,-9687,11,1,51471,2020-11-02 14:31:11,2020-11-02 14:31:41,1,D7:F2:3B:06:4D:C8,11,11,8781.346938716722,41874.36806208031,12759.77744097909
12671,-29709,8700,-10496,23303,-18714,-25878,-21238,26140,-26089,11,1,51497,2020-11-02 14:31:11,2020-11-02 14:31:41,1,D7:F2:3B:06:4D:C8,11,11,-521.0544914045913,16046.153178163033,-28473.323785605284
12672,19692,3835,15109,26636,10731,-18706,-12031,-12519,-29684,11,1,51522,2020-11-02 14:31:11,2020-11-02 14:31:41,1,D7:F2:3B:06:4D:C8,11,11,-11447.202730327504,4109.293336883107,21973.602979990126
12673,-4110,-26115,-29183,25870,2036,21235,-23809,-21993,-24057,11,1,51548,2020-11-02 14:31:11,2020-11-02 14:31:41,1,D7:F2:3B:06:4D:C8,11,11,-32356.218812404408,-22440.979725446123,101.7208234483478
12674,-5904,-17412,-14845,-7409,25085,25339,-15617,-21482,5125,11,1,51573,2020-11-02 14:31:11,2020-11-02 14:31:41,1,D7:F2:3B:06:4D:C8,11,11,2738.80976773332,-6252.571583268402,-22623.290093447347
12675,4088,5374,25350,1810,-26875,-4605,-23550,-234,28677,11,1,51599,2020-11-02 14:31:11,2020-11-02 14:31:41,1,D7:F2:3B:06:4D:C8,11,11,-20605.691688116698,-10358.540084640168,-12502.809179107757
12676,-6916,-3073,-22268,-9197,-26866,-25595,-24057,28440,-12793,11,1,51625,2020-11-02 14:31:11,2020-11-02 14:31:41,1,D7:F2:3B:06:4D:C8,11,11,19120.767036458117,-3543.6062892648897,-13227.899735187704
12677,-17926,30461,15361,10007,-747,13316,30735,-25574,-14324,11,1,51650,2020-11-02 14:31:11,2020-11-02 14:31:41,1,D7:F2:3B:06:4D:C8,11,11,24201.864490864424,-3277.6327699283943,29811.091838296143
12678,-21515,4858,12797,-19941,-489,-10749,-16868,12060,-20202,11,1,51676,2020-11-02 14:31:11,2020-11-02 14:31:41,1,D7:F2:3B:06:4D:C8,11,11,1263.4633905723156,-9531.726662257484,23617.96869116168
12679,3831,-10503,26103,-14304,14359,15108,4652,27675,-9439,11,1,51703,2020-11-02 14:31:11,2020-11-02 14:31:41,1,D7:F2:3B:06:4D:C8,11,11,-20864.517849993277,13055.443787976856,-14162.749075878191
12680,6906,14329,32241,-23260,-2537,-13308,21047,-20200,13096,11,1,51727,2020-11-02 14:31:11,2020-11-02 14:31:41,1,D7:F2:3B:06:4D:C8,11,11,18125.54244498688,5416.221777152406,30571.62754476246
12681,257,2554,-6936,-30425,3867,-12027,15167,-11756,32554,11,1,51753,2020-11-02 14:31:11,2020-11-02 14:31:41,1,D7:F2:3B:06:4D:C8,11,11,3654.799768285753,6131.8420438687435,-1933.9112706590186
12682,18956,5374,29663,20518,-4062,15368,5189,-14833,14890,11,1,51778,2020-11-02 14:31:11,2020-11-02 14:31:41,1,D7:F2:3B:06:4D:C8,11,11,9620.71759885301,-33935.36251297155,4892.478410409736
12683,-3308,-9727,-29225,17184,23085,17157,-10564,21769,32296,11,1,51804,2020-11-02 14:31:11,2020-11-02 14:31:41,1,D7:F2:3B:06:4D:C8,11,11,-27996.983154012392,-10577.805045014416,7996.061074279878
12684,-13042,-26619,12745,-28906,21813,-6147,27584,-22783,-28890,11,1,51829,2020-11-02 14:31:11,2020-11-02 14:31:41,1,D7:F2:3B:06:4D:C8,11,11,-22744.34863696523,18453.920174563485,-13536.889793117782
12685,-10506,16131,-18487,31240,31282,24823,-26942,-18695,-28636,11,1,51855,2020-11-02 14:31:11,2020-11-02 14:31:41,1,D7:F2:3B:06:4D:C8,11,11,-7166.479910494205,3023.8609131042485,-25531.396296925934
12686,-25352,32003,-559,-3342,-12013,236,-16447,19700,-17116,11,1,51880,2020-11-02 14:31:11,2020-11-02 14:31:41,1,D7:F2:3B:06:4D:C8,11,11,-21321.443974351696,-13363.767742692373,32156.401113432403
12687,-1531,-26636,29162,-13587,23042,-4123,-21316,-23054,-9944,11,1,51906,2020-11-02 14:31:11,2020-11-02 14:31:41,1,D7:F2:3B:06:4D:C8,11,11,15924.69572884892,31620.469191445933,17572.498258824773
12688,3588,-7689,13037,25582,15106,14054,-5821,17138,-24787,11,1,51932,2020-11-02 14:31:11,2020-11-02 14:31:41,1,D7:F2:3B:06:4D:C8,11,11,-12214.419692866433,3714.609040276741,-8886.364005846879
12689,-15102,-9989,17653,-16143,-13321,25060,-706,-18189,12082,11,1,51957,2020-11-02 14:31:11,2020-11-02 14:31:41,1,D7:F2:3B:06:4D:C8,11,11,3897.9175854258838,15486.441331781221,-19607.53190420777
12690,-14843,14848,-25101,-17931,11506,-32546,26171,19191,11062,11,1,51983,2020-11-02 14:31:11,2020-11-02 14:31:41,1,D7:F2:3B:06:4D:C8,11,11,32485.38913167533,-2528.746440593717,-3023.720953199009
12691,28416,9985,-28944,5875,22764,-23335,-16328,30972,-16839,11,1,52008,2020-11-02 14:31:11,2020-11-02 14:31:41,1,D7:F2:3B:06:4D:C8,11,11,-29880.7969505598,7938.061319245015,28090.026220908418
12692,-11271,-3073,-2319,31472,2283,-26660,29494,-31998,19004,11,1,52034,2020-11-02 14:31:11,2020-11-02 14:31:41,1,D7:F2:3B:06:4D:C8,11,11,1429.014307716874,2923.0290009132777,11457.327374573897
12168,-21768,-11004,27645,7672,-17685,7680,5423,-15354,-15815,11,-1,38628,2020-11-02 14:31:11,2020-11-02 14:31:41,1,D7:F2:3B:06:4D:C8,11,11,-3314.749223916411,19199.73037982054,-31297.965683487197
12169,-25352,5385,11768,-3,19687,2814,28461,-24056,-27594,11,-1,38654,2020-11-02 14:31:11,2020-11-02 14:31:41,1,D7:F2:3B:06:4D:C8,11,11,-9086.800108853982,2280.6497037977697,26878.181741150172
12170,5885,-27123,-10509,19969,-4372,13057,6956,5642,15155,11,-1,38680,2020-11-02 14:31:11,2020-11-02 14:31:41,1,D7:F2:3B:06:4D:C8,11,11,2835.449577125066,7769.694671162782,-28501.25445331286
12171,-14339,6672,-3853,32255,-29710,18690,6699,-27126,-21968,11,-1,38705,2020-11-02 14:31:11,2020-11-02 14:31:41,1,D7:F2:3B:06:4D:C8,11,11,-10959.196866983559,-8478.49520904305,8542.78859746229
12172,4861,-24050,17143,25598,13301,17919,-2007,5899,-21202,11,-1,38731,2020-11-02 14:31:11,2020-11-02 14:31:41,1,D7:F2:3B:06:4D:C8,11,11,-20275.03738314488,21402.9769254182,5172.011972346336
12173,19703,31756,-1286,15870,-17422,-13315,-9688,-15605,-8148,11,-1,38756,2020-11-02 14:31:11,2020-11-02 14:31:41,1,D7:F2:3B:06:4D:C8,11,11,22566.762162482682,-5392.476046206698,29325.21080219249
12174,-10250,-32502,13054,-9472,27627,-14598,14887,-5876,-4311,11,-1,38782,2020-11-02 14:31:11,2020-11-02 14:31:41,1,D7:F2:3B:06:4D:C8,11,11,23901.91302500293,1655.6358716727734,-27528.291694284733
12175,15607,-6908,12544,18694,-24346,-28938,27941,-25842,-15067,11,-1,38807,2020-11-02 14:31:11,2020-11-02 14:31:41,1,D7:F2:3B:06:4D:C8,11,11,17919.150910947188,5491.1799861729805,-9869.236140155625
12176,10233,-7169,9473,-9458,30952,-3085,804,-26096,-4832,11,-1,38833,2020-11-02 14:31:11,2020-11-02 14:31:41,1,D7:F2:3B:06:4D:C8,11,11,480.4548657546629,-7169.0,-13936.325954927026
12177,-7435,-21762,-9731,4121,-24335,13302,-29148,30226,7453,11,-1,38859,2020-11-02 14:31:11,2020-11-02 14:31:41,1,D7:F2:3B:06:4D:C8,11,11,8445.023968516702,18997.657720001193,-13832.093164986189
12178,5876,3324,5626,9760,8695,-4362,-30169,2068,4891,11,-1,38884,2020-11-02 14:31:11,2020-11-02 14:31:41,1,D7:F2:3B:06:4D:C8,11,11,5876.0,-4452.014864775053,4783.347744396383
12179,14835,-5635,-26892,-21213,30205,5366,-27348,-19947,-19686,11,-1,38910,2020-11-02 14:31:11,2020-11-02 14:31:41,1,D7:F2:3B:06:4D:C8,11,11,19791.370277671376,-21456.98704508433,-11086.454955448513
12180,-22281,-11007,-15381,-27100,-10746,24316,-19405,19222,31772,11,-1,38935,2020-11-02 14:31:11,2020-11-02 14:31:41,1,D7:F2:3B:06:4D:C8,11,11,15296.594812056685,-20947.436152449067,-13468.157884240525
12627,16117,-15627,15322,-15377,26137,-28435,8898,9974,31526,11,1,50371,2020-11-02 14:31:11,2020-11-02 14:31:41,1,D7:F2:3B:06:4D:C8,11,11,-19152.48556602383,-10472.101626028943,-16193.884221438992
12628,-2045,-25867,-8217,-22036,-16123,232,-13635,-29197,31529,11,1,50397,2020-11-02 14:31:11,2020-11-02 14:31:41,1,D7:F2:3B:06:4D:C8,11,11,10321.010045588908,-23282.249610514904,9602.937452286746
12629,-10744,-12042,1776,17136,-7171,32227,16453,11507,14382,11,1,50422,2020-11-02 14:31:11,2020-11-02 14:31:41,1,D7:F2:3B:06:4D:C8,11,11,-525.8284819464463,-7012.413008556266,14633.763842737273
12630,17678,-9226,-13837,18420,-22283,14300,32064,3573,-21197,11,1,50448,2020-11-02 14:31:11,2020-11-02 14:31:41,1,D7:F2:3B:06:4D:C8,11,11,-19742.877821375976,13232.006787226112,4922.001697787455
12631,11277,-27910,24049,14837,-28686,-5676,-19908,-7176,14905,11,1,50473,2020-11-02 14:31:11,2020-11-02 14:31:41,1,D7:F2:3B:06:4D:C8,11,11,-37703.934554301486,7832.824213024658,-1246.3602901267184
12632,-15616,4092,-5395,-27918,-28683,-16940,-11207,-19459,25918,11,1,50499,2020-11-02 14:31:11,2020-11-02 14:31:41,1,D7:F2:3B:06:4D:C8,11,11,-12454.102279979264,-10856.797998741622,4090.870153687989
12633,-25610,-10754,-11279,8176,26616,30430,-29641,3586,26690,11,1,50524,2020-11-02 14:31:11,2020-11-02 14:31:41,1,D7:F2:3B:06:4D:C8,11,11,22616.538705991978,14306.036007991943,-13511.697439567119
12634,31221,-22783,-5388,-29454,-16394,-11803,-14539,-7419,-188,11,1,50550,2020-11-02 14:31:11,2020-11-02 14:31:41,1,D7:F2:3B:06:4D:C8,11,11,-2450.320482170888,4581.778841316773,38676.216285773306
12635,-1808,22021,-26123,-2060,-20493,17643,31028,-27127,-10055,11,1,50576,2020-11-02 14:31:11,2020-11-02 14:31:41,1,D7:F2:3B:06:4D:C8,11,11,-26848.61711577588,7012.515776912652,20014.515119008443
12636,-16141,-19705,1527,-22281,-16914,2287,6707,15885,1466,11,1,50601,2020-11-02 14:31:11,2020-11-02 14:31:41,1,D7:F2:3B:06:4D:C8,11,11,-7609.995229559773,-11931.583130933352,21233.83930417917
12637,-26123,22536,-26892,17146,-29714,-17683,-11471,-240,10566,11,1,50627,2020-11-02 14:31:11,2020-11-02 14:31:41,1,D7:F2:3B:06:4D:C8,11,11,14353.58158379598,-40260.774095408255,-9300.906082517808
12638,5104,-10238,10236,-3846,-13080,16362,9264,18709,4933,11,1,50652,2020-11-02 14:31:11,2020-11-02 14:31:41,1,D7:F2:3B:06:4D:C8,11,11,-5488.198682056819,-14144.912007971643,2333.301419236145
12639,11495,13564,10240,13313,23521,-14104,-2773,32282,-23744,11,1,50679,2020-11-02 14:31:11,2020-11-02 14:31:41,1,D7:F2:3B:06:4D:C8,11,11,-5978.224636907562,-13829.653329032066,13927.535316396214
12640,487,-18444,-19197,-1781,12258,-21268,-27619,23070,-29904,11,1,50704,2020-11-02 14:31:11,2020-11-02 14:31:41,1,D7:F2:3B:06:4D:C8,11,11,-25279.680084935244,8259.266396915522,1290.506640087764
12641,-24077,26610,4864,-22247,-8727,-15372,15372,-24035,-24805,11,1,50729,2020-11-02 14:31:11,2020-11-02 14:31:41,1,D7:F2:3B:06:4D:C8,11,11,-9527.272801470972,34738.736995905165,3728.773242727625
12642,-11021,-8456,19702,1309,-2574,10490,-11512,1820,-31213,11,1,50755,2020-11-02 14:31:11,2020-11-02 14:31:41,1,D7:F2:3B:06:4D:C8,11,11,-23679.74287099726,-4488.313102218217,-509.9059324138352
12643,-13327,-28935,19962,-24294,7928,24832,27402,-8934,-14832,11,1,50780,2020-11-02 14:31:11,2020-11-02 14:31:41,1,D7:F2:3B:06:4D:C8,11,11,37030.305300316955,-838.4258301056288,-6432.583422912595
12896,27646,19965,-5910,7661,-10250,-5648,27973,-3846,-27344,11,-1,57253,2020-11-02 14:31:11,2020-11-02 14:31:41,1,D7:F2:3B:06:4D:C8,11,11,-4809.410245573054,32376.161316560592,-11246.52801951884
12897,26108,4348,-16146,26092,-23564,12274,5442,-9732,-24526,11,-1,57278,2020-11-02 14:31:11,2020-11-02 14:31:41,1,D7:F2:3B:06:4D:C8,11,11,-21391.67062560696,18115.78868102414,13245.403440817576
12898,-12293,-9219,-25872,-3602,-22540,7414,13887,2815,-6349,11,-1,57304,2020-11-02 14:31:11,2020-11-02 14:31:41,1,D7:F2:3B:06:4D:C8,11,11,16382.225146016615,25127.846834161424,2383.737977241708
12899,16632,25087,-4879,-2062,18165,28667,573,-1792,17204,11,-1,57330,2020-11-02 14:31:11,2020-11-02 14:31:41,1,D7:F2:3B:06:4D:C8,11,11,-20005.832845656496,-22488.833788163658,-4879.0
12900,18420,-770,10740,-29960,10995,-6399,31547,-20478,-26317,11,-1,57355,2020-11-02 14:31:11,2020-11-02 14:31:41,1,D7:F2:3B:06:4D:C8,11,11,4639.859628194735,-20794.028638440228,-1147.5955796255444
12901,22006,4349,28404,-29953,27889,-26872,-17606,12036,-17871,11,-1,57381,2020-11-02 14:31:11,2020-11-02 14:31:41,1,D7:F2:3B:06:4D:C8,11,11,34889.96248553507,5273.551530822474,-8052.653290047669
12902,-12040,25082,28148,-20985,30961,1805,-7110,19717,3887,11,-1,57406,2020-11-02 14:31:11,2020-11-02 14:31:41,1,D7:F2:3B:06:4D:C8,11,11,11087.27615313738,37237.58771615735,7537.413122919444
12903,7674,15095,-30990,7696,-32015,22799,8764,16134,-1237,11,-1,57432,2020-11-02 14:31:11,2020-11-02 14:31:41,1,D7:F2:3B:06:4D:C8,11,11,-6868.858236517124,34233.04912627628,-5295.897945068955
12904,9215,-24588,26352,7191,12787,-3313,26686,14343,-12504,11,-1,57458,2020-11-02 14:31:11,2020-11-02 14:31:41,1,D7:F2:3B:06:4D:C8,11,11,33820.73155330709,-12644.44198356568,-8954.891240175919
12905,5126,-10766,1518,18973,-13833,-20979,-19903,3336,5158,11,-1,57483,2020-11-02 14:31:11,2020-11-02 14:31:41,1,D7:F2:3B:06:4D:C8,11,11,5126.0,10872.479390635272,16.489396933054422
12906,-4850,-27660,-20759,-3040,9472,22793,-1979,17160,12836,11,-1,57509,2020-11-02 14:31:11,2020-11-02 14:31:41,1,D7:F2:3B:06:4D:C8,11,11,32166.48410664125,-3818.1264127381764,13048.884699986687
12907,28948,22268,3299,26398,23305,14849,-1091,18183,22051,11,-1,57534,2020-11-02 14:31:11,2020-11-02 14:31:41,1,D7:F2:3B:06:4D:C8,11,11,24768.148525221142,-26023.713723059755,-7351.127239601906
12908,11279,16898,17885,-28653,-3568,22007,-21823,-12284,26659,11,-1,57560,2020-11-02 14:31:11,2020-11-02 14:31:41,1,D7:F2:3B:06:4D:C8,11,11,-19623.344953412743,-988.3590124750954,18616.630986884542
12909,-512,-13571,-11556,-13050,-6126,3311,29635,15617,13092,11,-1,57585,2020-11-02 14:31:11,2020-11-02 14:31:41,1,D7:F2:3B:06:4D:C8,11,11,9804.020915813397,14456.766019301123,-3585.862678000064
12910,-22535,17143,20964,17662,-6644,-14100,-30525,-8707,-12763,11,-1,57611,2020-11-02 14:31:11,2020-11-02 14:31:41,1,D7:F2:3B:06:4D:C8,11,11,-952.00515890327,34541.68227396353,-6867.593600525191
12911,-25098,-7687,-12317,-2310,16902,-275,-24382,-31749,1576,11,-1,57637,2020-11-02 14:31:11,2020-11-02 14:31:41,1,D7:F2:3B:06:4D:C8,11,11,-4977.703853613216,14346.094848286335,24700.609080540835
12912,28670,15101,-7451,-12300,517,21492,-10304,7930,-17111,11,-1,57662,2020-11-02 14:31:11,2020-11-02 14:31:41,1,D7:F2:3B:06:4D:C8,11,11,1131.0635787224235,-2068.5766075866286,-33165.76831613333
12913,20481,-17666,31206,16625,-9215,16627,22462,10745,23595,11,-1,57688,2020-11-02 14:31:11,2020-11-02 14:31:41,1,D7:F2:3B:06:4D:C8,11,11,21033.34206694768,4333.660112465215,-35273.095476926836
12914,-28668,25341,-18712,4589,26105,-3092,-7494,24057,3374,11,-1,57713,2020-11-02 14:31:11,2020-11-02 14:31:41,1,D7:F2:3B:06:4D:C8,11,11,42527.87369034598,-2053.804334720829,-1149.4764602460166
12915,1798,-28423,23022,-31507,-23819,-4888,-18109,-5126,30001,11,-1,57739,2020-11-02 14:31:11,2020-11-02 14:31:41,1,D7:F2:3B:06:4D:C8,11,11,30608.18505900745,7179.278748907827,-18780.553267649848
12916,20225,-18180,5358,-2579,17143,25578,29760,-772,-26316,11,-1,57765,2020-11-02 14:31:11,2020-11-02 14:31:41,1,D7:F2:3B:06:4D:C8,11,11,-13205.515859920137,15318.790397530149,18953.105303087825
12917,15869,13566,-4115,-6932,10232,-3604,29501,9215,6455,11,-1,57790,2020-11-02 14:31:11,2020-11-02 14:31:41,1,D7:F2:3B:06:4D:C8,11,11,-1730.2277642297493,-2875.702409702929,-21012.64832272975
12918,28408,-15105,31473,-19220,-12044,-6675,-29382,-18943,-4296,11,-1,57816,2020-11-02 14:31:11,2020-11-02 14:31:41,1,D7:F2:3B:06:4D:C8,11,11,-27339.523956489218,-34464.94100789499,9510.178187335408
12919,-11022,16896,-27147,-8208,21228,-5138,7224,18181,-9415,11,-1,57842,2020-11-02 14:31:11,2020-11-02 14:31:41,1,D7:F2:3B:06:4D:C8,11,11,32765.110512601474,8146.311289709555,2001.0133603159936
12920,-18191,-27903,-21771,8439,12008,16372,14134,28681,21817,11,-1,57867,2020-11-02 14:31:11,2020-11-02 14:31:41,1,D7:F2:3B:06:4D:C8,11,11,-14809.465693605463,-29614.51490009173,-22070.94388788499
12921,-27153,24576,5368,32510,3054,512,-19404,23564,-30921,11,-1,57893,2020-11-02 14:31:11,2020-11-02 14:31:41,1,D7:F2:3B:06:4D:C8,11,11,29524.193006727128,16706.28731518919,-14808.868979225706
11836,28144,-7938,-28672,31744,1284,-3587,22747,21788,-12078,11,1,30135,2020-11-02 14:31:11,2020-11-02 14:31:41,1,D7:F2:3B:06:4D:C8,11,11,20818.61645910977,16882.408924515683,-30963.68262390501
11837,15087,25088,-16897,22783,-23037,7422,-20775,-485,5585,11,1,30161,2020-11-02 14:31:11,2020-11-02 14:31:41,1,D7:F2:3B:06:4D:C8,11,11,15087.0,-27221.43653089955,13187.484452851775
11838,16367,-28928,-24322,20733,-32509,6399,2520,-17381,-22833,11,1,30187,2020-11-02 14:31:11,2020-11-02 14:31:41,1,D7:F2:3B:06:4D:C8,11,11,8560.762074050293,30440.73052712369,26388.30867423188
11839,29931,-21509,-17920,-32005,19202,4096,12246,-25317,20430,11,1,30212,2020-11-02 14:31:11,2020-11-02 14:31:41,1,D7:F2:3B:06:4D:C8,11,11,24871.984562904894,-29046.126063313237,-14742.292447809341
11840,-23061,22009,14594,9979,768,-10752,-5932,-23013,-18483,11,1,30237,2020-11-02 14:31:11,2020-11-02 14:31:41,1,D7:F2:3B:06:4D:C8,11,11,-3543.8104997368555,-24921.445014124503,24403.96737315316
11841,-31252,-26117,5892,27388,-25090,-7935,27092,-5349,-9011,11,1,30263,2020-11-02 14:31:11,2020-11-02 14:31:41,1,D7:F2:3B:06:4D:C8,11,11,1231.587296306844,37930.516954615,15914.14255582876
11842,29420,23798,-2301,16638,9980,-10238,-1580,28444,-11058,11,1,30289,2020-11-02 14:31:11,2020-11-02 14:31:41,1,D7:F2:3B:06:4D:C8,11,11,10576.091428356889,27574.425962191148,23769.16338356642
11843,-24848,-29962,-9981,9472,-27911,21251,11991,8221,14289,11,1,30314,2020-11-02 14:31:11,2020-11-02 14:31:41,1,D7:F2:3B:06:4D:C8,11,11,-5917.380799691057,-38841.169941789936,8432.854263204215
11844,15858,-18954,-22014,19458,-2313,3076,-20517,-10211,-23851,11,1,30340,2020-11-02 14:31:11,2020-11-02 14:31:41,1,D7:F2:3B:06:4D:C8,11,11,-3992.073258574799,-19332.38620595392,26564.424907797547
11845,-14094,27125,-29181,17412,11768,-9980,-6431,27934,30427,11,1,30365,2020-11-02 14:31:11,2020-11-02 14:31:41,1,D7:F2:3B:06:4D:C8,11,11,1405.2496720393356,-39648.54450063768,14558.688620208422
11846,-3087,13814,-20476,29958,-11016,-28157,-7960,-29922,-17439,11,1,30391,2020-11-02 14:31:11,2020-11-02 14:31:41,1,D7:F2:3B:06:4D:C8,11,11,21026.387470957932,12862.186172886342,-3475.3327574715595
12933,14842,17145,-29468,-252,-20977,-13846,11461,-18428,-9179,11,-1,58200,2020-11-02 14:31:11,2020-11-02 14:31:41,1,D7:F2:3B:06:4D:C8,11,11,6480.975371592911,26294.143442200253,-25479.678017467242
12934,5873,6899,-5663,12544,-6648,-15897,-12347,26113,10536,11,-1,58225,2020-11-02 14:31:11,2020-11-02 14:31:41,1,D7:F2:3B:06:4D:C8,11,11,6276.258959415216,-5069.492608518554,7004.76389084857
12935,-4620,-7689,18915,3833,-8700,32498,6341,17407,2346,11,-1,58251,2020-11-02 14:31:11,2020-11-02 14:31:41,1,D7:F2:3B:06:4D:C8,11,11,5102.929761818544,-20070.808107461493,-3060.24766308296
12936,-14085,24056,29161,-21770,15107,246,-23101,3326,13099,11,-1,58276,2020-11-02 14:31:11,2020-11-02 14:31:41,1,D7:F2:3B:06:4D:C8,11,11,40226.65906974375,2920.053261344262,-855.2608008762654
12937,12799,-18182,-2839,-8459,25087,20210,-2879,12541,-12756,11,-1,58302,2020-11-02 14:31:11,2020-11-02 14:31:41,1,D7:F2:3B:06:4D:C8,11,11,-13242.057024171623,14756.886470639129,-10456.656896984565
12938,-18436,15099,25067,-9997,-9991,4079,-7745,1021,20527,11,-1,58327,2020-11-02 14:31:11,2020-11-02 14:31:41,1,D7:F2:3B:06:4D:C8,11,11,14123.57523560206,-31560.1349008758,838.3875015822306
12939,-7686,32250,29165,30194,15093,-30738,-30531,-12291,14130,11,-1,58353,2020-11-02 14:31:11,2020-11-02 14:31:41,1,D7:F2:3B:06:4D:C8,11,11,30613.640356209686,-21670.195758619786,-23301.115014602783
12940,12795,251,-5139,25330,-5391,-18,20923,32767,4405,11,-1,58379,2020-11-02 14:31:11,2020-11-02 14:31:41,1,D7:F2:3B:06:4D:C8,11,11,-1283.104263669074,476.72760477294577,13722.635360578584
12941,-20743,28667,18414,10482,-14096,-15887,-4795,-19711,-32457,11,-1,58404,2020-11-02 14:31:11,2020-11-02 14:31:41,1,D7:F2:3B:06:4D:C8,11,11,-22401.481633750893,25331.80607503763,-21156.97415958643
12942,13046,5885,-17171,14322,497,8951,2372,9988,6969,11,-1,58430,2020-11-02 14:31:11,2020-11-02 14:31:41,1,D7:F2:3B:06:4D:C8,11,11,-8950.355618403371,-3047.3024799575674,-20255.361361865645
12181,-31746,3845,-32283,-2271,28941,-31486,-19910,-13036,23582,11,1,38961,2020-11-02 14:31:11,2020-11-02 14:31:41,1,D7:F2:3B:06:4D:C8,11,11,3709.1954751997823,17087.945792363313,-41940.77499908663
12182,3329,24842,13281,-23016,-14324,-32522,-12736,4627,-27872,11,1,38987,2020-11-02 14:31:11,2020-11-02 14:31:41,1,D7:F2:3B:06:4D:C8,11,11,-3491.650034975084,1383.0626019863284,-28115.612813386182
12183,17916,25863,-20508,12302,-6126,-13326,-12475,-17392,-18397,11,1,39012,2020-11-02 14:31:11,2020-11-02 14:31:41,1,D7:F2:3B:06:4D:C8,11,11,11315.554354412407,31320.973129729493,17361.185468138447
12184,11517,6914,12008,264,-19177,5616,17852,10253,15910,11,1,39038,2020-11-02 14:31:11,2020-11-02 14:31:41,1,D7:F2:3B:06:4D:C8,11,11,8996.45184005623,862.5000553462213,-15587.068260069842
12185,-11533,-25600,27878,25604,-16104,31213,18878,-3064,-25304,11,1,39063,2020-11-02 14:31:11,2020-11-02 14:31:41,1,D7:F2:3B:06:4D:C8,11,11,-8664.415507926213,-22722.493691396758,-31211.68302655982
12186,-24085,-22778,-14619,8700,22036,23536,-15938,4357,29482,11,1,39089,2020-11-02 14:31:11,2020-11-02 14:31:41,1,D7:F2:3B:06:4D:C8,11,11,-10489.366274303029,22013.79607990688,26795.62739171805
12187,32498,-17404,-17182,-28177,29451,28401,17341,28162,9004,11,1,39114,2020-11-02 14:31:11,2020-11-02 14:31:41,1,D7:F2:3B:06:4D:C8,11,11,-33967.05863899402,-16523.60317122519,15081.439243487945
12188,-264,-25861,19685,-1308,-16895,14060,-6215,27393,-18386,11,1,39140,2020-11-02 14:31:11,2020-11-02 14:31:41,1,D7:F2:3B:06:4D:C8,11,11,24467.7554724802,869.9979530687268,-21375.974543879198
12189,18947,504,7655,-11552,6399,-13081,15170,-8703,9522,11,1,39166,2020-11-02 14:31:11,2020-11-02 14:31:41,1,D7:F2:3B:06:4D:C8,11,11,12804.796425726394,6671.181691254768,14469.774474329992
12190,-17675,-10247,-7960,-26398,13834,14060,-1219,-511,-14539,11,1,39191,2020-11-02 14:31:11,2020-11-02 14:31:41,1,D7:F2:3B:06:4D:C8,11,11,-1962.1753967120176,20336.08865324249,-7960.0
12191,-17678,6145,19433,31718,-7924,19189,12090,14849,-31688,11,1,39217,2020-11-02 14:31:11,2020-11-02 14:31:41,1,D7:F2:3B:06:4D:C8,11,11,20838.872279432206,-862.6413151747856,17114.656002469506
12192,13044,-27902,-16917,-25630,-4349,7412,12342,15873,-28870,11,1,39242,2020-11-02 14:31:11,2020-11-02 14:31:41,1,D7:F2:3B:06:4D:C8,11,11,-32153.14207982855,-13531.993479580735,-4232.379456398423
12193,-32263,-27392,7414,18401,17404,-12305,-22991,6147,-6341,11,1,39268,2020-11-02 14:31:11,2020-11-02 14:31:41,1,D7:F2:3B:06:4D:C8,11,11,-10701.957782665171,39420.63375615666,13329.36468407309
12813,28411,-11269,4092,-27618,-27638,-13313,-8934,-30693,-8433,11,-1,55130,2020-11-02 14:31:11,2020-11-02 14:31:41,1,D7:F2:3B:06:4D:C8,11,11,8186.848121282382,-17646.348095373793,-23927.006974044056
12814,8190,-5639,-5641,-6623,28945,-31233,23078,-7141,-16362,11,-1,55155,2020-11-02 14:31:11,2020-11-02 14:31:41,1,D7:F2:3B:06:4D:C8,11,11,413.7728199838689,2305.602191872392,11189.651137827124
12815,-17665,-778,-14,24101,-28393,11007,8500,-30950,-31457,11,-1,55181,2020-11-02 14:31:11,2020-11-02 14:31:41,1,D7:F2:3B:06:4D:C8,11,11,-1209.741802530492,-5529.9065617002625,16751.548083388432
12816,15617,502,-18198,18728,11547,2558,5439,18199,-2012,11,-1,55206,2020-11-02 14:31:11,2020-11-02 14:31:41,1,D7:F2:3B:06:4D:C8,11,11,-18028.81472608262,502.0,15812.01228726396
12817,12036,-1034,-32030,8488,15646,-22018,4026,-12782,-24282,11,-1,55232,2020-11-02 14:31:11,2020-11-02 14:31:41,1,D7:F2:3B:06:4D:C8,11,11,-14980.770591399492,18926.956785505256,24273.487003878883
12818,1034,-27140,22236,-13278,-26591,2044,-31553,-20467,13350,11,-1,55257,2020-11-02 14:31:11,2020-11-02 14:31:41,1,D7:F2:3B:06:4D:C8,11,11,25656.967194456167,13676.464975763045,19666.2856724224
12819,-19703,32000,-18473,-31209,-26077,23285,20675,6152,16165,11,-1,55283,2020-11-02 14:31:11,2020-11-02 14:31:41,1,D7:F2:3B:06:4D:C8,11,11,22880.59868484485,19866.979027310845,28900.541277828477
12820,-25609,-14596,1752,-8181,17440,-12054,-24123,9474,5925,11,-1,55309,2020-11-02 14:31:11,2020-11-02 14:31:41,1,D7:F2:3B:06:4D:C8,11,11,-19931.186948965318,-15837.154679992507,14962.149559718546
12821,-23065,-2821,-18991,-29187,-26859,24811,11462,3837,-10715,11,-1,55334,2020-11-02 14:31:11,2020-11-02 14:31:41,1,D7:F2:3B:06:4D:C8,11,11,3056.6866646949015,29373.0090513979,5337.916531791534
12822,28660,-19722,-15385,21235,-9723,12527,15300,23290,26151,11,-1,55360,2020-11-02 14:31:11,2020-11-02 14:31:41,1,D7:F2:3B:06:4D:C8,11,11,23339.550969172622,-6935.520005947344,29226.95727927382
12823,-29439,8440,-32022,-32269,-19451,16115,-13631,-6920,11305,11,-1,55385,2020-11-02 14:31:11,2020-11-02 14:31:41,1,D7:F2:3B:06:4D:C8,11,11,16293.61022859146,-35015.95505268527,-21718.60866784668
12824,-20736,-15624,17387,31731,2056,1526,31167,19191,31274,11,-1,55411,2020-11-02 14:31:11,2020-11-02 14:31:41,1,D7:F2:3B:06:4D:C8,11,11,18358.406453900137,-18907.8540945742,-16788.710701292443
12825,25348,-13829,-2068,-18189,15359,-30478,-6724,29174,12844,11,-1,55437,2020-11-02 14:31:11,2020-11-02 14:31:41,1,D7:F2:3B:06:4D:C8,11,11,9582.026708024468,1199.3131059043662,27290.75633324793
12826,15368,-2819,-10516,6130,4595,-29719,16454,-29705,24367,11,-1,55462,2020-11-02 14:31:11,2020-11-02 14:31:41,1,D7:F2:3B:06:4D:C8,11,11,4138.741660411268,-11631.84251174323,-14222.499718768817
12827,-11007,6143,-2067,17136,-28182,-3870,-17598,-23302,26931,11,-1,55488,2020-11-02 14:31:11,2020-11-02 14:31:41,1,D7:F2:3B:06:4D:C8,11,11,-10109.440201012845,-1954.6287399370356,7559.20844474853
12828,16122,8960,-24591,-10001,7650,-6942,-14273,-25601,-5578,11,-1,55513,2020-11-02 14:31:11,2020-11-02 14:31:41,1,D7:F2:3B:06:4D:C8,11,11,-8959.229914057712,-26089.208678532734,-13564.776255988365
12656,23035,8184,-3106,-19454,-8416,30449,-3133,11009,18730,11,1,51113,2020-11-02 14:31:11,2020-11-02 14:31:41,1,D7:F2:3B:06:4D:C8,11,11,-10888.78456011682,-6714.570724465799,-21061.46309707634
12657,28915,15096,28893,-16643,-21218,5365,-5949,-773,-9431,11,1,51139,2020-11-02 14:31:11,2020-11-02 14:31:41,1,D7:F2:3B:06:4D:C8,11,11,42944.5834260358,-6788.0445713409445,2908.108536788157
12658,25334,-30724,31197,2807,-9453,-1035,-1342,2808,-26839,11,1,51164,2020-11-02 14:31:11,2020-11-02 14:31:41,1,D7:F2:3B:06:4D:C8,11,11,6692.592374882042,39255.381023544665,31197.0
12659,-6404,32761,6888,-23822,-1274,1779,-26176,-8971,-16854,11,1,51190,2020-11-02 14:31:11,2020-11-02 14:31:41,1,D7:F2:3B:06:4D:C8,11,11,-15666.321110163266,29752.788415333463,5574.661010828531
12660,-29180,-6405,-19222,-3343,-31743,11505,32445,-2572,-4052,11,1,51215,2020-11-02 14:31:11,2020-11-02 14:31:41,1,D7:F2:3B:06:4D:C8,11,11,-29180.0,-20249.29870546681,689.3554502432671
12661,3333,3069,-19476,-29968,17143,-27668,-10567,21493,-4817,11,1,51241,2020-11-02 14:31:11,2020-11-02 14:31:41,1,D7:F2:3B:06:4D:C8,11,11,-5149.07944982279,-14730.301123409268,12503.896817916411
12662,11530,-18947,12782,-26898,-276,14563,23106,1272,-11469,11,1,51266,2020-11-02 14:31:11,2020-11-02 14:31:41,1,D7:F2:3B:06:4D:C8,11,11,15259.141604187344,-19663.580891706595,5984.264116720628
12663,1803,2814,29933,27628,-25367,-30500,31550,-32004,-2505,11,1,51292,2020-11-02 14:31:11,2020-11-02 14:31:41,1,D7:F2:3B:06:4D:C8,11,11,6065.961235105379,29501.705703385243,-85.84221016170795
12664,26371,25853,19439,-19222,5355,-11302,13627,-15871,-17861,11,1,51318,2020-11-02 14:31:11,2020-11-02 14:31:41,1,D7:F2:3B:06:4D:C8,11,11,20731.48658840885,31677.11321798404,17562.685814238244
12665,22009,-26625,20208,28906,-22294,-10020,-26056,24583,-12226,11,1,51343,2020-11-02 14:31:11,2020-11-02 14:31:41,1,D7:F2:3B:06:4D:C8,11,11,-2600.881457485881,-10752.866546360672,38461.16543580373
12764,-3827,-9990,29918,-8926,-4573,6911,16062,-4083,-22743,11,-1,53878,2020-11-02 14:31:11,2020-11-02 14:31:41,1,D7:F2:3B:06:4D:C8,11,11,536.3009061797375,23356.476323072147,-21534.162349805967
12765,1548,13821,-9515,-16102,-32473,-29449,18370,-7929,29736,11,-1,53901,2020-11-02 14:31:11,2020-11-02 14:31:41,1,D7:F2:3B:06:4D:C8,11,11,-14309.798624362273,4872.287948286371,7445.9414098677225
12766,-3076,13821,-15151,6414,15139,25325,1477,-24063,-2521,11,-1,53927,2020-11-02 14:31:11,2020-11-02 14:31:41,1,D7:F2:3B:06:4D:C8,11,11,-9455.706828633947,13821.0,12231.278975271773
12767,-27923,-6407,-813,26367,3354,-20757,-22843,10748,23336,11,-1,53953,2020-11-02 14:31:11,2020-11-02 14:31:41,1,D7:F2:3B:06:4D:C8,11,11,13634.9124034332,6258.432332976842,24419.78164284549
12768,23029,-15367,20959,31730,-25076,-32019,-11837,-30472,-22231,11,-1,53978,2020-11-02 14:31:11,2020-11-02 14:31:41,1,D7:F2:3B:06:4D:C8,11,11,-7860.235173086477,-26830.63735154562,-20593.513865623296
12769,7935,-8713,998,-1812,-23544,497,28096,25078,-25301,11,-1,54004,2020-11-02 14:31:11,2020-11-02 14:31:41,1,D7:F2:3B:06:4D:C8,11,11,1447.7118347138419,-11544.697212725918,2121.4840819831493
12770,-28923,16376,14570,-28691,-26104,2549,-15684,-19724,19245,11,-1,54029,2020-11-02 14:31:11,2020-11-02 14:31:41,1,D7:F2:3B:06:4D:C8,11,11,-32182.34250977904,-1911.1967875372463,16662.603710782296
12771,11016,9211,30701,-15122,1024,-1554,32325,-4109,-16849,11,-1,54055,2020-11-02 14:31:11,2020-11-02 14:31:41,1,D7:F2:3B:06:4D:C8,11,11,24561.20640623838,-23355.469531982733,-123.93873801566042
12772,-21238,30204,27886,-22290,-13837,3301,5185,-27915,29235,11,-1,54081,2020-11-02 14:31:11,2020-11-02 14:31:41,1,D7:F2:3B:06:4D:C8,11,11,38887.63275831573,-24981.4582249035,-2154.5346160529025
12773,8969,-20484,-15121,31981,14573,4572,-11204,-29191,-24521,11,-1,54106,2020-11-02 14:31:11,2020-11-02 14:31:41,1,D7:F2:3B:06:4D:C8,11,11,10659.429281428696,24056.461371357218,-6028.689051744041
12774,-21759,4350,1270,-8465,-7701,-1574,-26823,-3330,11579,11,-1,54132,2020-11-02 14:31:11,2020-11-02 14:31:41,1,D7:F2:3B:06:4D:C8,11,11,12514.351001588211,-18202.176681647506,2461.963456092701
12775,29175,28930,15349,-20748,19946,32223,-12489,-26876,-21699,11,-1,54157,2020-11-02 14:31:11,2020-11-02 14:31:41,1,D7:F2:3B:06:4D:C8,11,11,43644.677623657204,4284.334527329333,-709.8723723106677
12776,-17426,31492,-24843,31990,29414,-22555,-21962,12042,-5570,11,-1,54183,2020-11-02 14:31:11,2020-11-02 14:31:41,1,D7:F2:3B:06:4D:C8,11,11,25574.329153294195,-34682.688063172514,7459.961532852407
12777,2285,8962,-6410,13561,-6178,-16150,8757,4368,24382,11,-1,54209,2020-11-02 14:31:11,2020-11-02 14:31:41,1,D7:F2:3B:06:4D:C8,11,11,6253.0685009899735,-8420.00175211173,4077.925185233592
12778,-10514,-7422,23032,22527,-6946,-28944,27186,-24043,29243,11,-1,54234,2020-11-02 14:31:11,2020-11-02 14:31:41,1,D7:F2:3B:06:4D:C8,11,11,21290.15367863344,6579.56170359395,14125.934593108192
12779,-266,18175,10234,-6394,12513,16878,-27346,16666,24374,11,-1,54260,2020-11-02 14:31:11,2020-11-02 14:31:41,1,D7:F2:3B:06:4D:C8,11,11,-19124.095385262604,7881.858360825189,-2698.410916681817
12780,-17938,14849,10741,-21495,-15902,12527,-29660,22558,27434,11,-1,54285,2020-11-02 14:31:11,2020-11-02 14:31:41,1,D7:F2:3B:06:4D:C8,11,11,-17809.399345180034,-11306.60773892322,-14581.482860190259
12781,15087,-21252,-22019,-32245,10474,-13578,-18672,-16354,-22508,11,-1,54311,2020-11-02 14:31:11,2020-11-02 14:31:41,1,D7:F2:3B:06:4D:C8,11,11,31068.99523790408,-13684.489800093044,3399.0745532045858
12782,15345,-8711,27392,9233,-26124,-10753,6411,9757,-26356,11,-1,54336,2020-11-02 14:31:11,2020-11-02 14:31:41,1,D7:F2:3B:06:4D:C8,11,11,11477.987445099523,29174.272423121984,-8876.364277766088
12783,22266,-19717,18691,-492,-7683,-509,29709,9500,-245,11,-1,54362,2020-11-02 14:31:11,2020-11-02 14:31:41,1,D7:F2:3B:06:4D:C8,11,11,32401.57573116873,12330.286306950291,-5655.9929036351905
12784,19197,-8709,-29952,-29159,7948,26120,18709,9500,26896,11,-1,54388,2020-11-02 14:31:11,2020-11-02 14:31:41,1,D7:F2:3B:06:4D:C8,11,11,-12689.21705426677,-34348.843234806394,-796.5757844677883
12785,10750,19194,13820,26909,-2283,-16116,2339,24859,30746,11,-1,54413,2020-11-02 14:31:11,2020-11-02 14:31:41,1,D7:F2:3B:06:4D:C8,11,11,13445.566492293365,22212.05443247001,-897.7280157748901
12786,-11525,3067,9205,-11999,32282,-27634,15919,20248,23330,11,-1,54439,2020-11-02 14:31:11,2020-11-02 14:31:41,1,D7:F2:3B:06:4D:C8,11,11,-14662.177843737449,-2218.2846598470505,2657.7985338437493
12787,18677,-8707,13038,1571,-25067,20750,-8394,12308,1829,11,-1,54464,2020-11-02 14:31:11,2020-11-02 14:31:41,1,D7:F2:3B:06:4D:C8,11,11,5295.2746388609585,6266.686522731462,-22963.4563714797
12430,-28928,29695,-24342,-26337,14599,31488,-5060,2319,5405,11,1,45331,2020-11-02 14:31:11,2020-11-02 14:31:41,1,D7:F2:3B:06:4D:C8,11,11,-28928.0,29695.0,-24342.0
12431,22019,-6143,12005,-3812,11,-26630,15938,-21491,11294,11,1,45357,2020-11-02 14:31:11,2020-11-02 14:31:41,1,D7:F2:3B:06:4D:C8,11,11,-3936.5669945850013,-21603.151367407845,13583.082356152025
12432,7684,3845,-22303,24085,-2802,18164,23482,-25589,-481,11,1,45382,2020-11-02 14:31:11,2020-11-02 14:31:41,1,D7:F2:3B:06:4D:C8,11,11,3808.007089507588,-19392.22577507331,-13442.185517795915
12433,-30722,-251,-26143,-28662,-3055,-12562,-28739,-22520,12322,11,1,45408,2020-11-02 14:31:11,2020-11-02 14:31:41,1,D7:F2:3B:06:4D:C8,11,11,-35837.13635606773,18235.52915209208,3244.3594652578804
12434,-13065,-7676,17377,27902,-17647,9451,-15682,20997,-23260,11,1,45433,2020-11-02 14:31:11,2020-11-02 14:31:41,1,D7:F2:3B:06:4D:C8,11,11,-22806.799795985098,-2654.2927251452165,2092.8313823849053
12435,14068,-6658,8420,11763,-17395,13032,-8515,18690,-30425,11,1,45459,2020-11-02 14:31:11,2020-11-02 14:31:41,1,D7:F2:3B:06:4D:C8,11,11,-6888.827850029094,-10991.987898084426,-12035.540739868276
12436,-1548,-28933,-5916,21226,-5115,27877,17851,28672,12843,11,1,45484,2020-11-02 14:31:11,2020-11-02 14:31:41,1,D7:F2:3B:06:4D:C8,11,11,-25913.996705553185,-14213.224345931345,-981.2631842696408
12437,509,23543,18664,-25117,-9989,16865,3396,-27648,-28369,11,1,45510,2020-11-02 14:31:11,2020-11-02 14:31:41,1,D7:F2:3B:06:4D:C8,11,11,-26832.62206312824,-4950.717124255685,-12584.817009910188
12438,19205,19443,16618,-4384,-28167,26587,-9409,-31230,-31436,11,1,45536,2020-11-02 14:31:11,2020-11-02 14:31:41,1,D7:F2:3B:06:4D:C8,11,11,-23945.432905140497,5382.4787254665425,-20510.1283212786
12439,13056,-8716,-15890,-3357,32764,23003,20284,16645,-23239,11,1,45564,2020-11-02 14:31:11,2020-11-02 14:31:41,1,D7:F2:3B:06:4D:C8,11,11,-13294.695108452055,-1238.7684514328048,-17906.323651074657
12440,-12810,10747,-25619,-19736,13570,-7967,-2759,-21497,18750,11,1,45587,2020-11-02 14:31:11,2020-11-02 14:31:41,1,D7:F2:3B:06:4D:C8,11,11,-17650.680236794127,-8339.594381848729,23554.870467159908
12441,16112,32509,20978,7656,11264,-15898,-3273,-17655,11842,11,1,45612,2020-11-02 14:31:11,2020-11-02 14:31:41,1,D7:F2:3B:06:4D:C8,11,11,-21690.52454921897,-30724.39994253685,-18494.33702382356
12442,-21264,29948,31484,-15126,-5640,232,-13771,-24052,-2748,11,1,45638,2020-11-02 14:31:11,2020-11-02 14:31:41,1,D7:F2:3B:06:4D:C8,11,11,-16625.495969158037,16165.554725265945,42456.452751071214
12443,-27925,-29954,-32513,20980,4595,-14357,18996,14608,-11847,11,1,45664,2020-11-02 14:31:11,2020-11-02 14:31:41,1,D7:F2:3B:06:4D:C8,11,11,15720.294335623841,-47935.115985521465,13756.449812940771
12444,-1817,-2305,30717,16893,30189,-21005,12339,-14573,10310,11,1,45689,2020-11-02 14:31:11,2020-11-02 14:31:41,1,D7:F2:3B:06:4D:C8,11,11,30414.266424910988,-2552.1784116172994,4539.535900266341
12445,-20507,7422,27387,2820,-29467,-16137,-19408,15383,-6334,11,1,45715,2020-11-02 14:31:11,2020-11-02 14:31:41,1,D7:F2:3B:06:4D:C8,11,11,-12154.8732449078,12483.941743940903,30365.78925261312
12446,21735,-26628,-16646,-25077,18914,-6660,-12246,4890,-8646,11,1,45766,2020-11-02 14:31:11,2020-11-02 14:31:41,1,D7:F2:3B:06:4D:C8,11,11,8331.299881521243,-20480.301489028112,31139.952122677987
12447,1514,26107,-26631,-17902,-13088,-29442,-17631,5403,30766,11,1,45768,2020-11-02 14:31:11,2020-11-02 14:31:41,1,D7:F2:3B:06:4D:C8,11,11,-27958.434786440903,-9849.318620045127,22680.270126547508
12448,8686,-20740,27128,-7658,29922,7422,31001,15386,3362,11,1,45791,2020-11-02 14:31:11,2020-11-02 14:31:41,1,D7:F2:3B:06:4D:C8,11,11,21466.751580735825,20130.54399655431,-19376.851007678397
12449,29423,-771,-21510,9240,7910,17661,2581,32280,11289,11,1,45817,2020-11-02 14:31:11,2020-11-02 14:31:41,1,D7:F2:3B:06:4D:C8,11,11,16302.76569317494,23963.074305457583,22112.855324099528
12450,20979,25597,-20483,6682,-18199,9981,29203,-24042,-4846,11,1,45843,2020-11-02 14:31:11,2020-11-02 14:31:41,1,D7:F2:3B:06:4D:C8,11,11,-36686.16286478876,-12380.744956622859,3964.939794908824
12451,6648,-5123,31229,20765,-18960,-2052,4884,16661,-30450,11,1,45868,2020-11-02 14:31:11,2020-11-02 14:31:41,1,D7:F2:3B:06:4D:C8,11,11,12182.803973680257,23123.936851550825,-19040.85885206784
12452,-9731,31231,21244,-9185,25338,-27906,-4074,-19436,15372,11,1,45894,2020-11-02 14:31:11,2020-11-02 14:31:41,1,D7:F2:3B:06:4D:C8,11,11,-31159.678324923247,-6962.890076188477,-22404.63939621043
12453,15620,-24063,29688,-14048,30212,-13058,-997,-9452,18444,11,1,45919,2020-11-02 14:31:11,2020-11-02 14:31:41,1,D7:F2:3B:06:4D:C8,11,11,19772.294525717894,21487.77259445649,29184.27163931268
12454,-13820,7938,24051,10016,26893,-23814,8995,-27883,-5618,11,1,45945,2020-11-02 14:31:11,2020-11-02 14:31:41,1,D7:F2:3B:06:4D:C8,11,11,23922.995481483467,-15949.298951633424,-2401.0404295526723
12455,-24577,-1024,-25106,29470,5905,-28428,-213,28182,-15597,11,1,45971,2020-11-02 14:31:11,2020-11-02 14:31:41,1,D7:F2:3B:06:4D:C8,11,11,-15523.260581714629,-31458.273266038934,-2189.5581817811108
12456,-5127,-29695,-28439,-23269,-1004,-12302,8246,14870,31770,11,1,45996,2020-11-02 14:31:11,2020-11-02 14:31:41,1,D7:F2:3B:06:4D:C8,11,11,-2240.8203698622165,35376.9163684273,21454.798701719657
12457,10746,-31996,11238,9750,-27626,8691,-18114,14868,25888,11,1,46022,2020-11-02 14:31:11,2020-11-02 14:31:41,1,D7:F2:3B:06:4D:C8,11,11,32024.431218950933,-13808.039773356417,-7020.471402981991
12458,21247,-24570,-20767,9742,-23527,28656,-29628,-6896,-24028,11,1,46047,2020-11-02 14:31:11,2020-11-02 14:31:41,1,D7:F2:3B:06:4D:C8,11,11,-33499.07688727571,18982.491479548087,1965.9763297849095
12459,-18685,10500,482,2309,12319,29419,20923,23820,8488,11,1,46073,2020-11-02 14:31:11,2020-11-02 14:31:41,1,D7:F2:3B:06:4D:C8,11,11,14992.375829492983,3984.2661641155373,-14797.494352785496
12460,1522,1274,7895,20733,15397,-30232,-14404,-29690,21803,11,1,46098,2020-11-02 14:31:11,2020-11-02 14:31:41,1,D7:F2:3B:06:4D:C8,11,11,2853.058545854762,-7122.635559590383,-2720.055995597093
12614,11768,-19708,25082,-29166,-3081,-13569,-27614,6170,27158,11,-1,50038,2020-11-02 14:31:11,2020-11-02 14:31:41,1,D7:F2:3B:06:4D:C8,11,11,8448.430009874948,19114.245471766168,-26819.162224299827
12615,19445,30724,17659,-18671,18171,22526,21027,15898,13844,11,-1,50064,2020-11-02 14:31:11,2020-11-02 14:31:41,1,D7:F2:3B:06:4D:C8,11,11,38265.78022789945,-4533.0341195830215,-12210.411427171312
12616,10997,8450,17917,27410,-11011,7933,-2780,-23526,275,11,-1,50090,2020-11-02 14:31:11,2020-11-02 14:31:41,1,D7:F2:3B:06:4D:C8,11,11,6371.511409795008,8450.0,-20033.88979591462
12617,-26121,8960,15356,-17643,-32509,-23043,-25560,2075,-26093,11,-1,50115,2020-11-02 14:31:11,2020-11-02 14:31:41,1,D7:F2:3B:06:4D:C8,11,11,30301.299225033687,-8343.985513826656,-3256.401084022589
12618,26874,20479,17144,-24807,23307,767,-26833,-17382,7703,11,-1,50141,2020-11-02 14:31:11,2020-11-02 14:31:41,1,D7:F2:3B:06:4D:C8,11,11,7479.6053495925635,-37139.79857903147,-457.07583978812363
12619,26875,-1026,-7694,-23781,23056,27645,2872,23065,-14053,11,-1,50166,2020-11-02 14:31:11,2020-11-02 14:31:41,1,D7:F2:3B:06:4D:C8,11,11,3954.2201714117896,11105.604611374716,25368.2010803252
12620,4092,-12290,5613,-2789,-25326,-6407,-5057,11543,-10977,11,-1,50192,2020-11-02 14:31:11,2020-11-02 14:31:41,1,D7:F2:3B:06:4D:C8,11,11,-8504.102912043967,-9502.169603821054,-6056.6772641098
12621,-25859,-22529,-12568,26649,4885,-24329,20038,12820,-24798,11,-1,50217,2020-11-02 14:31:11,2020-11-02 14:31:41,1,D7:F2:3B:06:4D:C8,11,11,-30761.072835547147,-1219.442080477601,19658.78188033337
12622,-22018,18431,-14363,-3564,18711,1781,22974,-32240,14884,11,-1,50243,2020-11-02 14:31:11,2020-11-02 14:31:41,1,D7:F2:3B:06:4D:C8,11,11,25257.542981937193,-118.60963687500772,19819.997685913986
12623,-15361,19966,-23324,-16625,21017,7409,-20799,16652,19749,11,-1,50269,2020-11-02 14:31:11,2020-11-02 14:31:41,1,D7:F2:3B:06:4D:C8,11,11,-21324.251403124792,26330.45389182671,5531.180068187787
12624,-6146,16123,-20253,10762,27676,-12308,-7997,21255,10278,11,-1,50294,2020-11-02 14:31:11,2020-11-02 14:31:41,1,D7:F2:3B:06:4D:C8,11,11,8428.967252481856,-2291.8399375572844,25131.82115878604
12625,-9732,31483,22236,-16382,-11743,27885,-10300,-18431,-28378,11,-1,50320,2020-11-02 14:31:11,2020-11-02 14:31:41,1,D7:F2:3B:06:4D:C8,11,11,-34667.02838967668,-14511.260296680988,12959.601700334826
12626,20471,-26888,-21803,-16392,5670,-6161,20164,-29701,11046,11,-1,50345,2020-11-02 14:31:11,2020-11-02 14:31:41,1,D7:F2:3B:06:4D:C8,11,11,-12633.313264367469,35286.15558975784,-14583.683130806116
12252,-29700,-23040,-17668,15111,-8469,23293,-8910,-17141,12333,11,1,40777,2020-11-02 14:31:11,2020-11-02 14:31:41,1,D7:F2:3B:06:4D:C8,11,11,23418.689815768856,14468.739322011754,-31101.61368393085
12253,-18694,-12293,9721,21781,-8463,25596,21812,-19955,23595,11,1,40803,2020-11-02 14:31:11,2020-11-02 14:31:41,1,D7:F2:3B:06:4D:C8,11,11,-4972.596477002836,-22277.31307937422,8606.737607272644
12254,25341,11001,30193,-15587,15861,-6408,4408,-18417,-24022,11,1,40828,2020-11-02 14:31:11,2020-11-02 14:31:41,1,D7:F2:3B:06:4D:C8,11,11,10857.703163870796,-29401.551907350786,-26314.721325612158
12255,2306,-12040,-19734,-30174,5375,-18696,-18371,-12528,29483,11,1,40854,2020-11-02 14:31:11,2020-11-02 14:31:41,1,D7:F2:3B:06:4D:C8,11,11,3009.8556348715942,22027.693886311048,-6740.286574635122
12256,21505,-32252,8667,287,3595,13817,4932,5648,17197,11,1,40880,2020-11-02 14:31:11,2020-11-02 14:31:41,1,D7:F2:3B:06:4D:C8,11,11,-16738.386139445738,34964.02377368502,8667.0
12257,-29698,-19961,-14114,-30191,-6128,5369,-26949,-27123,27182,11,1,40905,2020-11-02 14:31:11,2020-11-02 14:31:41,1,D7:F2:3B:06:4D:C8,11,11,8178.825871757047,-26832.87092013029,26319.6042246669
12258,-13067,-14074,-22047,-12028,15629,22261,-21571,267,-22481,11,1,40931,2020-11-02 14:31:11,2020-11-02 14:31:41,1,D7:F2:3B:06:4D:C8,11,11,14463.41596879417,-8869.566417444481,23812.487565984593
12259,27384,-13056,-14105,-23814,20234,-18447,5822,-2808,24625,11,1,40956,2020-11-02 14:31:11,2020-11-02 14:31:41,1,D7:F2:3B:06:4D:C8,11,11,-14255.55352086126,-23871.417564312535,-18607.209201922007
12260,-10513,-30465,-24856,21750,16138,-28943,-25923,775,-31949,11,1,40982,2020-11-02 14:31:11,2020-11-02 14:31:41,1,D7:F2:3B:06:4D:C8,11,11,-40115.846110338236,903.4588050963167,-6809.022179370095
12261,-6669,-20994,26857,-30223,11021,-26375,-1349,5893,-21708,11,1,41008,2020-11-02 14:31:11,2020-11-02 14:31:41,1,D7:F2:3B:06:4D:C8,11,11,-21768.67997334387,18103.17125458199,20122.66902638449
12262,18418,-24578,17388,-16912,-26609,-31236,-14663,-11262,16437,11,1,41033,2020-11-02 14:31:11,2020-11-02 14:31:41,1,D7:F2:3B:06:4D:C8,11,11,-22526.20552206389,-13350.81610865994,23663.66679131712
12263,-17422,-26113,-13079,-13073,21005,-260,6468,-19712,-11979,11,1,41059,2020-11-02 14:31:11,2020-11-02 14:31:41,1,D7:F2:3B:06:4D:C8,11,11,-11704.809700567184,-18118.215920941224,26290.7355491561
12264,26863,-13566,-12314,-22550,18182,-17666,13121,29183,23862,11,1,41084,2020-11-02 14:31:11,2020-11-02 14:31:41,1,D7:F2:3B:06:4D:C8,11,11,3245.8204833445325,-22009.074973310308,23714.06732741364
12265,6640,-5888,27628,-28184,-20736,12291,-20163,6143,21046,11,1,41110,2020-11-02 14:31:11,2020-11-02 14:31:41,1,D7:F2:3B:06:4D:C8,11,11,17168.471999680594,-12273.582225478147,-19916.50763940833
12266,7155,-12543,-19983,14316,27899,-28407,-31942,-770,12085,11,1,41135,2020-11-02 14:31:11,2020-11-02 14:31:41,1,D7:F2:3B:06:4D:C8,11,11,-17166.397696231856,12.380881624466387,-17696.208629211396
11943,17904,-22280,14071,21741,31218,-18934,23360,16397,27963,11,-1,32872,2020-11-02 14:31:11,2020-11-02 14:31:41,1,D7:F2:3B:06:4D:C8,11,11,19395.483019360927,-16115.20024267498,-19469.468831587837
11944,497,28409,-15875,29684,-6673,19466,32060,-9970,-27336,11,-1,32898,2020-11-02 14:31:11,2020-11-02 14:31:41,1,D7:F2:3B:06:4D:C8,11,11,-12214.086840414111,25102.387154802997,-16733.80281900095
11945,-17674,29179,19964,-27140,-28180,-26105,22329,-20720,12341,11,-1,32923,2020-11-02 14:31:11,2020-11-02 14:31:41,1,D7:F2:3B:06:4D:C8,11,11,20628.409452108117,31111.49750008116,12995.732367920633
11946,13818,16893,29691,10500,32749,15876,7991,-29166,-13775,11,-1,32949,2020-11-02 14:31:11,2020-11-02 14:31:41,1,D7:F2:3B:06:4D:C8,11,11,-28123.873916578348,-23347.955996568417,-4667.624739276802
11947,1022,21759,8951,29707,-26381,-8959,25654,7444,3119,11,-1,32975,2020-11-02 14:31:11,2020-11-02 14:31:41,1,D7:F2:3B:06:4D:C8,11,11,-18227.785344241292,-7448.492410870067,-12918.466172478584
11948,-12802,-30211,30966,3858,-12549,-17154,-7881,-8428,-5075,11,-1,33026,2020-11-02 14:31:11,2020-11-02 14:31:41,1,D7:F2:3B:06:4D:C8,11,11,-42387.20821872882,9733.917552978954,12002.679263145244
11949,22527,-18436,-11791,29463,1535,-5128,-12485,-31723,-17874,11,-1,33028,2020-11-02 14:31:11,2020-11-02 14:31:41,1,D7:F2:3B:06:4D:C8,11,11,-27328.945725442867,-815.3780586172087,-15454.558879415605
11950,1279,21503,-16665,24855,-11256,7927,-16575,11797,23857,11,-1,33051,2020-11-02 14:31:11,2020-11-02 14:31:41,1,D7:F2:3B:06:4D:C8,11,11,-10393.12120035899,24839.693171642866,4087.7560902391915
11951,508,-16130,30694,-4077,265,19955,-21062,-20717,16436,11,-1,33077,2020-11-02 14:31:11,2020-11-02 14:31:41,1,D7:F2:3B:06:4D:C8,11,11,-19900.395823122108,-5297.980398146093,27900.936360343243
11952,3576,17406,4584,23565,-24317,-31507,-21825,16402,-23241,11,-1,33103,2020-11-02 14:31:11,2020-11-02 14:31:41,1,D7:F2:3B:06:4D:C8,11,11,17681.421975297344,4901.0973336675515,-340.92500258697623
11953,-32018,13311,-23067,28165,27646,-10005,-8765,7185,-16069,11,-1,33128,2020-11-02 14:31:11,2020-11-02 14:31:41,1,D7:F2:3B:06:4D:C8,11,11,4375.613013321077,38921.31200933908,14156.518506657369
11954,-20749,24580,-3100,-14083,-14592,-29199,-14395,-15857,-23746,11,-1,33154,2020-11-02 14:31:11,2020-11-02 14:31:41,1,D7:F2:3B:06:4D:C8,11,11,-8286.860590843666,29556.209870728486,-10102.762029533033
11955,-19728,18947,17893,-18698,11526,4854,-25147,21774,4928,11,-1,33179,2020-11-02 14:31:11,2020-11-02 14:31:41,1,D7:F2:3B:06:4D:C8,11,11,19903.62152466686,-25926.05273304761,166.9786993966918
11956,27882,-4612,-25617,31987,1800,19706,3268,-14324,-27328,11,-1,33205,2020-11-02 14:31:11,2020-11-02 14:31:41,1,D7:F2:3B:06:4D:C8,11,11,-4151.025473928479,11861.978284912659,36013.464366581815
11957,20458,13822,-27154,-17935,-7160,-13571,-1855,28683,-32192,11,-1,33231,2020-11-02 14:31:11,2020-11-02 14:31:41,1,D7:F2:3B:06:4D:C8,11,11,-4221.939372771958,34454.64482103107,11915.109826990043
11958,28137,1274,26867,-9746,-27895,1794,14271,12298,-2497,11,-1,33259,2020-11-02 14:31:11,2020-11-02 14:31:41,1,D7:F2:3B:06:4D:C8,11,11,-20822.258874155883,-24960.26503628665,-21414.20646897669
11959,-21274,27129,-8716,-15637,30215,8453,700,2569,2623,11,-1,33282,2020-11-02 14:31:11,2020-11-02 14:31:41,1,D7:F2:3B:06:4D:C8,11,11,-21274.0,27129.0,-8716.0
11960,-3096,4855,7928,-25367,24573,21511,-4796,-2296,-707,11,-1,33307,2020-11-02 14:31:11,2020-11-02 14:31:41,1,D7:F2:3B:06:4D:C8,11,11,-3096.0,4855.0,7928.0
11961,20202,-1545,8950,-32533,-6921,8969,8513,-12791,32060,11,-1,33333,2020-11-02 14:31:11,2020-11-02 14:31:41,1,D7:F2:3B:06:4D:C8,11,11,-11319.000635142178,8771.462059016416,16898.284142743207
11962,18927,-266,24572,-4881,-20751,-17144,28477,10507,24378,11,-1,33358,2020-11-02 14:31:11,2020-11-02 14:31:41,1,D7:F2:3B:06:4D:C8,11,11,16244.204198657704,-9908.099213855565,-24495.727564632696
11963,-28174,6394,6650,-25864,18412,28166,-31686,11533,-11977,11,-1,33384,2020-11-02 14:31:11,2020-11-02 14:31:41,1,D7:F2:3B:06:4D:C8,11,11,-12062.26035952728,-15391.374705874981,22281.9988260104
11964,17909,-28417,-24587,-7425,-32535,21253,11576,30735,-21708,11,-1,33410,2020-11-02 14:31:11,2020-11-02 14:31:41,1,D7:F2:3B:06:4D:C8,11,11,-15022.253159444675,-36669.45062626351,12746.059774753016
11931,32001,23025,-31510,-1761,19712,14294,221,2334,-28468,11,1,32565,2020-11-02 14:31:11,2020-11-02 14:31:41,1,D7:F2:3B:06:4D:C8,11,11,-38342.62696572149,9168.292281964345,-31510.0
11932,15082,-16136,-4899,-21992,-24294,-19747,7387,-16617,-5947,11,1,32591,2020-11-02 14:31:11,2020-11-02 14:31:41,1,D7:F2:3B:06:4D:C8,11,11,712.7548656252408,-9616.309490425749,20465.97159398681
11933,-7446,-3327,-16677,5392,21543,26361,27862,15124,-23364,11,1,32617,2020-11-02 14:31:11,2020-11-02 14:31:41,1,D7:F2:3B:06:4D:C8,11,11,-2094.9337391862705,18407.544394085944,1186.4805131876865
11934,12788,32520,1759,27394,-26339,9978,-5679,-16879,-10687,11,1,32642,2020-11-02 14:31:11,2020-11-02 14:31:41,1,D7:F2:3B:06:4D:C8,11,11,23625.128568183238,23394.569410929922,10896.093208760394
11935,-32027,4349,-31766,-24590,22540,-12815,2767,-21234,-30657,11,1,32668,2020-11-02 14:31:11,2020-11-02 14:31:41,1,D7:F2:3B:06:4D:C8,11,11,6095.1764887787795,35936.4526392522,26928.451148876382
11936,-30748,-31497,-2828,10733,249,-22538,3277,16653,-16576,11,1,32693,2020-11-02 14:31:11,2020-11-02 14:31:41,1,D7:F2:3B:06:4D:C8,11,11,-32894.905297205914,3810.5474277624016,29135.94053379138
11937,-16650,-14345,-6925,-24595,-7688,-26116,13515,-21747,-27326,11,1,32719,2020-11-02 14:31:11,2020-11-02 14:31:41,1,D7:F2:3B:06:4D:C8,11,11,-20994.949351399337,5542.03986903416,7710.709813124356
11938,-22282,-11,10991,11499,-1274,10236,28872,11021,1859,11,1,32744,2020-11-02 14:31:11,2020-11-02 14:31:41,1,D7:F2:3B:06:4D:C8,11,11,-9406.65976025004,10536.416418782459,20439.872974284943
11939,12516,17908,-12304,32490,-20466,21251,-31292,-29429,-11199,11,1,32770,2020-11-02 14:31:11,2020-11-02 14:31:41,1,D7:F2:3B:06:4D:C8,11,11,23209.839970195702,-4908.326644955608,-8120.763147902087
11940,998,-6666,2547,25578,-18936,-4600,19648,29962,-9921,11,1,32796,2020-11-02 14:31:11,2020-11-02 14:31:41,1,D7:F2:3B:06:4D:C8,11,11,7197.4213970800065,339.5063258836385,-25.09357566997744
11941,11753,-32012,23541,2023,24573,10246,9660,27402,-30658,11,1,32821,2020-11-02 14:31:11,2020-11-02 14:31:41,1,D7:F2:3B:06:4D:C8,11,11,36454.179472043834,-7573.89729842087,18188.14758937787
11942,12268,-776,-18957,744,28150,14855,-26044,-24309,30781,11,1,32847,2020-11-02 14:31:11,2020-11-02 14:31:41,1,D7:F2:3B:06:4D:C8,11,11,14503.1424563984,3336.775367005193,-16999.959942292848
12798,-29696,-5638,12776,-19982,4605,995,26300,32504,-27350,11,-1,54746,2020-11-02 14:31:11,2020-11-02 14:31:41,1,D7:F2:3B:06:4D:C8,11,11,-7160.293016521865,-12139.985060910132,-29634.71954715325
12799,-23807,-15110,-28182,20207,31479,12512,8005,26361,-28369,11,-1,54773,2020-11-02 14:31:11,2020-11-02 14:31:41,1,D7:F2:3B:06:4D:C8,11,11,-35762.13743742588,17615.879709477085,246.53796441101986
12800,-2816,-16134,2541,25326,13815,7393,21569,29179,17716,11,-1,54797,2020-11-02 14:31:11,2020-11-02 14:31:41,1,D7:F2:3B:06:4D:C8,11,11,-5962.202190353528,-14921.89792270348,-4059.753739546432
12801,30459,5118,19693,25070,18421,-10012,10558,9214,5944,11,-1,54823,2020-11-02 14:31:11,2020-11-02 14:31:41,1,D7:F2:3B:06:4D:C8,11,11,27304.54276901459,16972.275505004483,-17554.56243707824
12802,-10503,-12800,-17937,-29970,21232,-11801,32315,-26367,-18374,11,-1,54848,2020-11-02 14:31:11,2020-11-02 14:31:41,1,D7:F2:3B:06:4D:C8,11,11,-15120.294873470075,18886.329561441584,3251.4945234357056
12803,12024,18689,-29199,-31250,-6680,-31768,7225,4102,17724,11,-1,54874,2020-11-02 14:31:11,2020-11-02 14:31:41,1,D7:F2:3B:06:4D:C8,11,11,-16795.992969319694,-32624.055765552588,-50.035793969034785
12804,-2828,-23295,31731,-24849,14815,27367,-20426,-12021,-25028,11,-1,54899,2020-11-02 14:31:11,2020-11-02 14:31:41,1,D7:F2:3B:06:4D:C8,11,11,-38328.31015677899,2244.6583072179565,9133.078320565828
12805,-13067,-8960,-20234,-28174,-4898,-21530,-13517,15378,-29381,11,-1,54925,2020-11-02 14:31:11,2020-11-02 14:31:41,1,D7:F2:3B:06:4D:C8,11,11,19883.302026124184,15499.18431038374,4987.226809628826
12806,23539,-20225,25852,-14855,-27937,-2326,-32209,10520,3128,11,-1,54950,2020-11-02 14:31:11,2020-11-02 14:31:41,1,D7:F2:3B:06:4D:C8,11,11,2569.1871627260048,-30527.178049585204,-26323.97628877156
12807,27626,17149,-25348,30212,19425,-22281,-4058,2844,-11730,11,-1,54976,2020-11-02 14:31:11,2020-11-02 14:31:41,1,D7:F2:3B:06:4D:C8,11,11,4097.069066182259,-32256.752813433228,-25348.0
12808,5880,-23298,5887,-14070,23528,-6414,16154,12829,27680,11,-1,55002,2020-11-02 14:31:11,2020-11-02 14:31:41,1,D7:F2:3B:06:4D:C8,11,11,18933.151669734598,15277.899244777913,4488.823400095007
12809,26607,30460,-25088,8974,7403,-12300,3086,-19684,-19439,11,-1,55027,2020-11-02 14:31:11,2020-11-02 14:31:41,1,D7:F2:3B:06:4D:C8,11,11,26870.65284454937,-26937.591290417964,28591.711809160865
12810,17136,1531,-3582,22804,-8971,-4,-24054,19227,16395,11,-1,55053,2020-11-02 14:31:11,2020-11-02 14:31:41,1,D7:F2:3B:06:4D:C8,11,11,5299.159337188211,-15688.332893420295,-5883.2221056422595
12811,-15627,-22531,21506,-31720,8448,-28926,-22771,-15334,-19446,11,-1,55079,2020-11-02 14:31:11,2020-11-02 14:31:41,1,D7:F2:3B:06:4D:C8,11,11,-19165.665020075216,-28328.605249686738,-6672.67075058298
12812,504,4349,257,2075,-27643,7682,18707,-5606,-30196,11,-1,55104,2020-11-02 14:31:11,2020-11-02 14:31:41,1,D7:F2:3B:06:4D:C8,11,11,4306.370617540355,-748.291100502374,359.30284342604807
11847,14326,26106,-24316,-9464,-5126,14082,-26130,19998,21990,11,1,30416,2020-11-02 14:31:11,2020-11-02 14:31:41,1,D7:F2:3B:06:4D:C8,11,11,8871.093550967253,-2616.4621569853007,-37315.99111629022
11848,7931,14330,-28415,5899,32508,11776,21234,-6371,-29976,11,1,30442,2020-11-02 14:31:11,2020-11-02 14:31:41,1,D7:F2:3B:06:4D:C8,11,11,3776.8869718029455,-23108.18707343082,22965.380488499424
11849,23287,-30987,-6400,4109,-13828,10493,22004,20765,-18968,11,1,30468,2020-11-02 14:31:11,2020-11-02 14:31:41,1,D7:F2:3B:06:4D:C8,11,11,27005.566264179204,-28049.74776095329,-5229.682523626241
11850,-25099,18680,9985,21007,11262,-32263,-23308,-26596,-16154,11,1,30493,2020-11-02 14:31:11,2020-11-02 14:31:41,1,D7:F2:3B:06:4D:C8,11,11,-27197.903260147632,-11929.077095271296,14020.470887481802
11851,-25349,5372,17916,-3313,-26879,12280,-16141,1052,18659,11,1,30519,2020-11-02 14:31:11,2020-11-02 14:31:41,1,D7:F2:3B:06:4D:C8,11,11,23111.817134288653,-17492.023194935056,-12340.432500486164
11852,22260,-25097,32505,7439,26884,9721,22002,-8421,21215,11,1,30544,2020-11-02 14:31:11,2020-11-02 14:31:41,1,D7:F2:3B:06:4D:C8,11,11,-44523.38742149704,-14116.86965447941,-569.2079353950357
11853,-17933,-13315,4090,9998,-24571,-28422,-9744,-1253,27099,11,1,30570,2020-11-02 14:31:11,2020-11-02 14:31:41,1,D7:F2:3B:06:4D:C8,11,11,8881.882972856085,16024.542636584569,13414.022593717833
11854,29693,1537,30193,21515,-7415,27898,7150,28444,-31530,11,1,30595,2020-11-02 14:31:11,2020-11-02 14:31:41,1,D7:F2:3B:06:4D:C8,11,11,14281.373035655964,-38360.18362125338,10963.23691982265
11855,-5130,7679,-27152,-13562,12045,-9993,11240,-16612,-1842,11,1,30621,2020-11-02 14:31:11,2020-11-02 14:31:41,1,D7:F2:3B:06:4D:C8,11,11,9598.92169658147,26996.601586265453,-1248.6993454580224
11856,-25864,2307,21997,25346,28432,10487,-7713,17180,-20027,11,1,30647,2020-11-02 14:31:11,2020-11-02 14:31:41,1,D7:F2:3B:06:4D:C8,11,11,-16818.843332213248,-22353.492632569032,19380.00593632902
11857,19702,-24062,-13077,-8195,22291,27894,-12585,-16358,14781,11,1,30672,2020-11-02 14:31:11,2020-11-02 14:31:41,1,D7:F2:3B:06:4D:C8,11,11,15457.691834597237,-29263.906560736163,6545.235897286622
11858,29419,-24833,-31508,-5897,-3309,22517,-29743,14872,-701,11,1,30698,2020-11-02 14:31:11,2020-11-02 14:31:41,1,D7:F2:3B:06:4D:C8,11,11,-42022.65522871411,23169.60299447787,-13121.56464019855
11859,-6941,-8963,24049,15858,17934,-2317,-16947,20245,-21951,11,1,30723,2020-11-02 14:31:11,2020-11-02 14:31:41,1,D7:F2:3B:06:4D:C8,11,11,-2930.874360372098,-26274.161689489032,2818.803646638105
11860,26856,-24068,-15635,9708,-17912,-9739,-5942,5651,29249,11,1,30749,2020-11-02 14:31:11,2020-11-02 14:31:41,1,D7:F2:3B:06:4D:C8,11,11,-17467.805903051598,-33173.58506633067,11804.897110108088
11861,27368,-16393,-23569,-5145,-19703,-29193,-31289,8465,-26303,11,1,30775,2020-11-02 14:31:11,2020-11-02 14:31:41,1,D7:F2:3B:06:4D:C8,11,11,-10927.243400139276,-14810.894870179385,-35135.002188965445
11862,-28,-15370,-5390,-23580,-1272,30714,-20541,26127,-11199,11,1,30800,2020-11-02 14:31:11,2020-11-02 14:31:41,1,D7:F2:3B:06:4D:C8,11,11,9104.97189009344,12574.401575770964,-4926.834266733255
11863,4840,24050,29431,32227,24070,-20228,-29761,13838,5954,11,1,30826,2020-11-02 14:31:11,2020-11-02 14:31:41,1,D7:F2:3B:06:4D:C8,11,11,32351.1313494525,10776.39966703038,-17472.417452284597
11864,17381,31475,-9987,18663,-32513,25599,-18501,-10995,23618,11,1,30851,2020-11-02 14:31:11,2020-11-02 14:31:41,1,D7:F2:3B:06:4D:C8,11,11,-27791.914020556564,17649.35677886692,17567.716851266006
11865,31468,-14861,8190,-10261,-8202,31745,-2236,-7410,16962,11,1,30877,2020-11-02 14:31:11,2020-11-02 14:31:41,1,D7:F2:3B:06:4D:C8,11,11,9305.580848857535,15377.887603599622,30904.484834994957
11866,23535,-24331,-30465,3315,-2319,-11263,12354,-15088,-23487,11,1,30903,2020-11-02 14:31:11,2020-11-02 14:31:41,1,D7:F2:3B:06:4D:C8,11,11,-27840.194625846747,-25637.03750896133,25331.322151815988
11867,-26385,19448,-21762,1018,31723,-2305,10816,29459,-25536,11,1,30928,2020-11-02 14:31:11,2020-11-02 14:31:41,1,D7:F2:3B:06:4D:C8,11,11,-14031.256282558423,-27845.450438145635,-23994.42247752464
11901,-23832,21757,-17423,14579,12305,-11258,12991,25094,-10187,11,-1,31798,2020-11-02 14:31:11,2020-11-02 14:31:41,1,D7:F2:3B:06:4D:C8,11,11,3074.7216243152197,7775.819695706306,-35706.790908632975
11902,-23318,26625,-10772,-13839,-8191,-3331,1469,24837,23605,11,-1,31823,2020-11-02 14:31:11,2020-11-02 14:31:41,1,D7:F2:3B:06:4D:C8,11,11,4858.567815434679,-35107.852384968864,-10606.07150164744
11903,24047,20736,-27409,20973,2808,-14085,-28742,8198,822,11,-1,31849,2020-11-02 14:31:11,2020-11-02 14:31:41,1,D7:F2:3B:06:4D:C8,11,11,23182.322040435763,32165.174522007423,-13692.139306270994
11904,-26383,-17157,-31753,-10767,-21768,-7425,-16060,29703,22070,11,-1,31875,2020-11-02 14:31:11,2020-11-02 14:31:41,1,D7:F2:3B:06:4D:C8,11,11,37830.5604442522,16560.166850609043,-17125.650859274523
11905,22768,28161,-6158,24310,-1798,31749,-5310,20744,-19403,11,-1,31900,2020-11-02 14:31:11,2020-11-02 14:31:41,1,D7:F2:3B:06:4D:C8,11,11,27148.979409156178,-24575.67697786505,2883.3534505584857
11906,27892,-5120,14067,3318,28407,-14841,-6336,10505,18228,11,-1,31926,2020-11-02 14:31:11,2020-11-02 14:31:41,1,D7:F2:3B:06:4D:C8,11,11,-26119.939695800873,-5439.009341326673,-17035.976070442433
11907,23285,18946,-21518,15607,9714,22022,-14018,-24566,-25550,11,-1,31952,2020-11-02 14:31:11,2020-11-02 14:31:41,1,D7:F2:3B:06:4D:C8,11,11,34815.614916346065,1685.9886888064718,-12214.616864147583
11908,-17163,30211,18163,-14599,-24852,-11772,-20932,-17396,-26576,11,-1,31977,2020-11-02 14:31:11,2020-11-02 14:31:41,1,D7:F2:3B:06:4D:C8,11,11,7537.035026851134,33108.949589789016,19599.954567927667
11909,-31754,25602,14068,-29956,23526,-20478,29242,-24817,-2259,11,-1,32003,2020-11-02 14:31:11,2020-11-02 14:31:41,1,D7:F2:3B:06:4D:C8,11,11,5196.076719047558,20752.46596819055,37470.30139949323
11910,-4353,27388,-10501,-12286,-8223,28924,3384,23315,-25814,11,-1,32028,2020-11-02 14:31:11,2020-11-02 14:31:41,1,D7:F2:3B:06:4D:C8,11,11,-27781.751391805155,-9734.205336924688,3569.550400613377
12845,-28941,17653,-8217,20724,-6387,-6159,24001,31225,25387,11,1,55948,2020-11-02 14:31:11,2020-11-02 14:31:41,1,D7:F2:3B:06:4D:C8,11,11,-13080.157385434299,12022.33287972864,-30018.360613152487
12846,17661,25338,31466,25588,-5112,5878,13503,-29961,-26580,11,1,55974,2020-11-02 14:31:11,2020-11-02 14:31:41,1,D7:F2:3B:06:4D:C8,11,11,20125.31235456326,36603.118281078845,-14114.455559199405
12847,-20737,2043,14572,-17165,-16127,-30223,-22340,31734,26414,11,1,55999,2020-11-02 14:31:11,2020-11-02 14:31:41,1,D7:F2:3B:06:4D:C8,11,11,-5352.413398645693,-6248.918787751169,-24059.153908524888
12848,-27901,-20997,-10260,-32526,-6666,12012,8262,6647,24369,11,1,56025,2020-11-02 14:31:11,2020-11-02 14:31:41,1,D7:F2:3B:06:4D:C8,11,11,20568.832733351068,27962.912154189904,10936.456183082535
12849,27396,26877,28141,26096,-14098,-538,-20158,-26631,-7628,11,1,56076,2020-11-02 14:31:11,2020-11-02 14:31:41,1,D7:F2:3B:06:4D:C8,11,11,-41666.17507263013,22994.732860272,-44.062474542402924
12850,1534,12800,-19732,-14867,16360,-4891,30527,-22019,2616,11,1,56078,2020-11-02 14:31:11,2020-11-02 14:31:41,1,D7:F2:3B:06:4D:C8,11,11,1003.3710958656102,-15290.617813723753,17909.082425367727
12851,11255,26880,21741,6381,-10781,-11543,-25284,-13566,-967,11,1,56102,2020-11-02 14:31:11,2020-11-02 14:31:41,1,D7:F2:3B:06:4D:C8,11,11,-10259.530929632607,-34023.58357930355,7682.336332526543
12852,-19212,-17921,5103,495,-3359,-23056,-2759,5640,22842,11,1,56127,2020-11-02 14:31:11,2020-11-02 14:31:41,1,D7:F2:3B:06:4D:C8,11,11,21548.74750912864,15030.457936730416,5103.0
12853,-13322,-23040,4852,18932,30180,22776,15415,-21492,57,11,1,56153,2020-11-02 14:31:11,2020-11-02 14:31:41,1,D7:F2:3B:06:4D:C8,11,11,16430.115907964555,5176.111999087954,20859.490497702664
12854,19446,-7936,22008,-2308,-10006,22526,-12236,-18417,-25290,11,1,56178,2020-11-02 14:31:11,2020-11-02 14:31:41,1,D7:F2:3B:06:4D:C8,11,11,-5239.98312563226,-29601.339540350327,4667.156549761463
12855,18677,21505,32760,9221,26606,-21504,12339,-19183,-17613,11,1,56204,2020-11-02 14:31:11,2020-11-02 14:31:41,1,D7:F2:3B:06:4D:C8,11,11,13665.643907114341,41077.39941536501,-3226.5132689203874
12856,10742,-7680,-30983,-14582,-27408,-20479,23858,11027,-13264,11,1,56230,2020-11-02 14:31:11,2020-11-02 14:31:41,1,D7:F2:3B:06:4D:C8,11,11,-28298.84825418488,-17551.596105766177,5043.403079932371
12857,3832,-9728,8184,-9201,18934,30467,30770,2580,8494,11,1,56255,2020-11-02 14:31:11,2020-11-02 14:31:41,1,D7:F2:3B:06:4D:C8,11,11,-2211.277719522299,5973.775140827135,11649.906669754055
12858,4091,21247,-20233,16916,253,-507,-8909,2580,18988,11,1,56281,2020-11-02 14:31:11,2020-11-02 14:31:41,1,D7:F2:3B:06:4D:C8,11,11,-3267.452990033712,6067.502890934434,-28810.670568843452
12548,-32517,-8189,2800,-4596,-13309,-32519,314,29709,18221,11,-1,48350,2020-11-02 14:31:11,2020-11-02 14:31:41,1,D7:F2:3B:06:4D:C8,11,11,12945.285330509998,6426.4741921462,-30387.08651992424
12549,1020,-24060,4845,18956,-507,4856,-6596,17421,-4306,11,-1,48375,2020-11-02 14:31:11,2020-11-02 14:31:41,1,D7:F2:3B:06:4D:C8,11,11,2216.712940396432,-8922.746557793183,-22778.691854565943
12550,-4,4357,7659,-24824,-4599,-18954,-27329,30988,-4048,11,-1,48401,2020-11-02 14:31:11,2020-11-02 14:31:41,1,D7:F2:3B:06:4D:C8,11,11,1637.5403779637822,-8644.27556766618,-488.5769343591463
12551,27900,30213,-31256,-9981,5387,-23311,-15039,17931,31539,11,-1,48427,2020-11-02 14:31:11,2020-11-02 14:31:41,1,D7:F2:3B:06:4D:C8,11,11,-47724.21906478422,16815.309369880648,10383.505691802306
12552,-8201,4611,17127,12797,32265,29931,20291,7946,-10186,11,-1,48452,2020-11-02 14:31:11,2020-11-02 14:31:41,1,D7:F2:3B:06:4D:C8,11,11,-15682.087483154908,11501.34610001927,-1908.6699710132543
12553,-11534,26111,-31767,1013,-10749,7655,-10173,-27895,-8134,11,-1,48478,2020-11-02 14:31:11,2020-11-02 14:31:41,1,D7:F2:3B:06:4D:C8,11,11,-22551.190546549977,11758.22716824927,34309.585610919865
12554,1267,7418,-25364,-18449,15103,2277,-30909,-2039,20287,11,-1,48503,2020-11-02 14:31:11,2020-11-02 14:31:41,1,D7:F2:3B:06:4D:C8,11,11,-4983.608826152457,-25983.100442618666,-81.50740263810985
12555,-29712,-21257,18671,-3090,-22272,-21272,-7358,-27126,-25533,11,-1,48529,2020-11-02 14:31:11,2020-11-02 14:31:41,1,D7:F2:3B:06:4D:C8,11,11,-29731.33643957317,27958.432365107583,4200.348462046188
12556,9455,-22535,13808,-20240,-11262,-11025,1346,-15350,18362,11,-1,48555,2020-11-02 14:31:11,2020-11-02 14:31:41,1,D7:F2:3B:06:4D:C8,11,11,19505.360385786167,19982.377091824856,2851.2516515938787
12557,18669,-10246,-24592,8434,5888,-2314,-7616,267,27324,11,-1,48580,2020-11-02 14:31:11,2020-11-02 14:31:41,1,D7:F2:3B:06:4D:C8,11,11,-32053.341986366235,3015.928899414341,-4665.402595567586
12558,3565,11772,17393,20978,-7430,8956,16703,-18421,19133,11,-1,48606,2020-11-02 14:31:11,2020-11-02 14:31:41,1,D7:F2:3B:06:4D:C8,11,11,6901.460438189,19939.90522123829,-2928.4264696498603
12559,-16149,9469,-9230,-2829,-24331,24833,8253,2061,-5700,11,-1,48632,2020-11-02 14:31:11,2020-11-02 14:31:41,1,D7:F2:3B:06:4D:C8,11,11,-16149.0,12882.8997240423,2980.898471983043
12560,-30227,-28675,-1036,18424,-10257,12808,32058,-25842,-9542,11,-1,48657,2020-11-02 14:31:11,2020-11-02 14:31:41,1,D7:F2:3B:06:4D:C8,11,11,14118.110523772051,-38880.89844262308,5094.618880052412
12561,7409,768,-527,18430,16618,-28148,24631,11792,-31677,11,-1,48682,2020-11-02 14:31:11,2020-11-02 14:31:41,1,D7:F2:3B:06:4D:C8,11,11,-71.832236809476,-3418.555384274873,-6638.4601538609995
12562,-2830,29951,-32267,-16894,10984,6671,-6605,19217,10046,11,-1,48708,2020-11-02 14:31:11,2020-11-02 14:31:41,1,D7:F2:3B:06:4D:C8,11,11,7493.024483585556,-8632.180839675273,42609.5133513577
12563,-1289,-1024,-23818,-27637,-19483,28172,-21200,6418,-5065,11,-1,48734,2020-11-02 14:31:11,2020-11-02 14:31:41,1,D7:F2:3B:06:4D:C8,11,11,19266.732653995157,-2347.4440354510616,13902.868061659143
12564,2039,29441,18419,29202,-29978,-14073,-14802,-6382,-2767,11,-1,48759,2020-11-02 14:31:11,2020-11-02 14:31:41,1,D7:F2:3B:06:4D:C8,11,11,30078.263361764915,4496.570289917812,-16889.893184035787
12565,5620,-24320,26096,25110,-25630,7681,18477,24084,-15317,11,-1,48785,2020-11-02 14:31:11,2020-11-02 14:31:41,1,D7:F2:3B:06:4D:C8,11,11,10855.531671435294,-25286.850330627592,23383.341260113022
12566,-1549,-29952,-13582,10009,-3611,26109,-25045,22806,11301,11,-1,48810,2020-11-02 14:31:11,2020-11-02 14:31:41,1,D7:F2:3B:06:4D:C8,11,11,-25346.548969522184,15784.570245004914,13870.552494984455
12567,24569,-12289,-12045,-2533,3825,11519,23339,-19689,1056,11,-1,48836,2020-11-02 14:31:11,2020-11-02 14:31:41,1,D7:F2:3B:06:4D:C8,11,11,-26746.64774760364,-1083.0595991910677,-13534.442107830266
12568,-18178,27137,7411,21277,26367,6402,12334,-6377,10782,11,-1,48862,2020-11-02 14:31:11,2020-11-02 14:31:41,1,D7:F2:3B:06:4D:C8,11,11,50.01230426775783,-33295.61216984811,-3630.300676870248
12569,-16125,-26365,-5396,-15845,13834,-10495,-22477,-2794,26399,11,-1,48887,2020-11-02 14:31:11,2020-11-02 14:31:41,1,D7:F2:3B:06:4D:C8,11,11,29717.127820280282,-4359.672504478611,9062.628524154405
12570,-20989,-1019,17134,-23785,-20465,-28679,7226,30485,32290,11,-1,48913,2020-11-02 14:31:11,2020-11-02 14:31:41,1,D7:F2:3B:06:4D:C8,11,11,-18327.27128892046,9187.454505607118,-17744.076330136526
12571,17665,25349,-29718,-19695,-16107,-5133,-30144,15891,-19418,11,-1,48938,2020-11-02 14:31:11,2020-11-02 14:31:41,1,D7:F2:3B:06:4D:C8,11,11,-1979.3086225567583,-36330.764633088686,-22670.276322792884
12572,21249,21509,-9497,-1526,-6884,31730,8005,30735,15402,11,-1,48964,2020-11-02 14:31:11,2020-11-02 14:31:41,1,D7:F2:3B:06:4D:C8,11,11,-15167.317828628446,-13988.353761184575,24054.69850023739
12573,-27906,29697,-27163,4356,-12000,11501,5051,-28662,10797,11,-1,48989,2020-11-02 14:31:11,2020-11-02 14:31:41,1,D7:F2:3B:06:4D:C8,11,11,-43339.52508237602,-12533.636778196855,19054.62486501193
12574,20714,20475,-19494,2812,802,-6421,1468,8453,304,11,-1,49015,2020-11-02 14:31:11,2020-11-02 14:31:41,1,D7:F2:3B:06:4D:C8,11,11,-5211.813414092488,20475.0,-27962.883129904283
12575,29926,27647,-293,28400,13334,-10512,-26182,-11520,14642,11,-1,49041,2020-11-02 14:31:11,2020-11-02 14:31:41,1,D7:F2:3B:06:4D:C8,11,11,29402.953511788848,-21354.21234530278,18424.762519373267
12148,22517,-24306,26093,17930,3048,8441,-12242,-26871,25892,11,1,38117,2020-11-02 14:31:11,2020-11-02 14:31:41,1,D7:F2:3B:06:4D:C8,11,11,29669.8542627342,-17420.72080619834,-24389.748022900967
12149,21501,269,3060,-18169,-4629,30975,-6354,21003,-28383,11,1,38142,2020-11-02 14:31:11,2020-11-02 14:31:41,1,D7:F2:3B:06:4D:C8,11,11,11723.033003867566,-17734.837140120555,-4446.9102536066885
12150,-10498,-11255,-30475,27657,15340,29687,-4306,24589,-994,11,1,38168,2020-11-02 14:31:11,2020-11-02 14:31:41,1,D7:F2:3B:06:4D:C8,11,11,29925.506776335307,-11255.0,11974.876750075944
12151,20218,13832,-16140,3083,-12050,-19725,18991,26384,-1764,11,1,38194,2020-11-02 14:31:11,2020-11-02 14:31:41,1,D7:F2:3B:06:4D:C8,11,11,-26785.1766693351,-11415.899282891103,3580.9080350370714
12152,-774,-27643,-7947,23054,26874,16378,-17360,16402,12572,11,1,38219,2020-11-02 14:31:11,2020-11-02 14:31:41,1,D7:F2:3B:06:4D:C8,11,11,-28451.63992707216,-898.4302462057904,-4193.607343676332
12153,-5384,29443,-1803,14865,-13827,2041,31795,14099,-30948,11,1,38245,2020-11-02 14:31:11,2020-11-02 14:31:41,1,D7:F2:3B:06:4D:C8,11,11,-13129.634426765322,-21036.994762474555,16857.819111116274
12154,-17417,-9472,17909,13332,-514,21237,32055,25620,-4067,11,1,38270,2020-11-02 14:31:11,2020-11-02 14:31:41,1,D7:F2:3B:06:4D:C8,11,11,665.8893463391902,14486.526614234468,-22438.807723083424
12155,-16903,-3839,12272,26134,14854,6902,-1732,-15596,-24288,11,1,38296,2020-11-02 14:31:11,2020-11-02 14:31:41,1,D7:F2:3B:06:4D:C8,11,11,5601.493098890733,-612.2968876554787,-20476.80838374103
12156,18429,27399,12007,-14574,29197,1780,-16062,-27629,-6365,11,1,38321,2020-11-02 14:31:11,2020-11-02 14:31:41,1,D7:F2:3B:06:4D:C8,11,11,-19146.28751092164,28922.646205372508,5603.704313039507
12157,5885,18950,26598,16137,-20208,12015,-24134,10257,22055,11,1,38347,2020-11-02 14:31:11,2020-11-02 14:31:41,1,D7:F2:3B:06:4D:C8,11,11,3976.772326591172,32277.797410096588,-6596.848127342357
12158,30200,-27901,13542,-8706,-14830,-7958,20669,4366,-10966,11,1,38373,2020-11-02 14:31:11,2020-11-02 14:31:41,1,D7:F2:3B:06:4D:C8,11,11,37951.965874335925,-11520.855146396456,-17343.867733841587
12159,-13847,-4609,-12314,-11276,8722,-6421,-14659,-26870,-6099,11,1,38399,2020-11-02 14:31:11,2020-11-02 14:31:41,1,D7:F2:3B:06:4D:C8,11,11,891.2920204623987,-18561.94950414141,4390.502834524124
12160,-19731,766,-21529,-14869,24843,-15633,13244,9992,26160,11,1,38449,2020-11-02 14:31:11,2020-11-02 14:31:41,1,D7:F2:3B:06:4D:C8,11,11,16231.547896998702,-10668.53504201991,21820.086409650863
12161,-24588,18426,-793,32486,-9976,13294,4678,-24570,5171,11,1,38451,2020-11-02 14:31:11,2020-11-02 14:31:41,1,D7:F2:3B:06:4D:C8,11,11,15471.644971015305,18426.0,19126.599145976183
12162,-18186,-10504,-13848,-21275,-18677,12528,-9406,19973,-7115,11,1,38475,2020-11-02 14:31:11,2020-11-02 14:31:41,1,D7:F2:3B:06:4D:C8,11,11,-4749.980842849274,-24673.325314404818,1223.2808026430905
12163,-16143,15612,17898,20198,-20723,-22285,-32193,-12797,31800,11,1,38500,2020-11-02 14:31:11,2020-11-02 14:31:41,1,D7:F2:3B:06:4D:C8,11,11,-15476.592241165936,7426.394735019523,-23021.580111720323
12164,29424,-15106,25325,-23578,13322,11253,60,-9470,-14278,11,1,38526,2020-11-02 14:31:11,2020-11-02 14:31:41,1,D7:F2:3B:06:4D:C8,11,11,-11483.494772610511,11207.793362069053,38442.59815309819
12165,-9747,-29183,-30736,-29722,1281,-3594,27704,1539,30780,11,1,38552,2020-11-02 14:31:11,2020-11-02 14:31:41,1,D7:F2:3B:06:4D:C8,11,11,-6778.720270705839,8159.281812024477,42176.15755143525
12166,6640,-27390,19957,-19737,16890,-7430,-20428,15876,-4036,11,1,38577,2020-11-02 14:31:11,2020-11-02 14:31:41,1,D7:F2:3B:06:4D:C8,11,11,-17213.772642359458,29932.22648273697,575.6719580599693
12167,-28429,9221,-18946,18159,-9229,15872,28209,24581,3644,11,1,38603,2020-11-02 14:31:11,2020-11-02 14:31:41,1,D7:F2:3B:06:4D:C8,11,11,14491.571733142939,-20365.627904087374,-25048.380122782997
12345,-24855,-27149,31494,15384,-20238,3061,-31494,-9966,9473,11,-1,43157,2020-11-02 14:31:11,2020-11-02 14:31:41,1,D7:F2:3B:06:4D:C8,11,11,32411.75625185832,-19670.383063978705,-30154.027074115045
12346,-10247,4599,-22783,30750,-19205,16386,-19714,-23023,-3840,11,-1,43182,2020-11-02 14:31:11,2020-11-02 14:31:41,1,D7:F2:3B:06:4D:C8,11,11,23276.392664215025,-7768.112635493402,-6563.754232416424
12347,21246,-31749,-22526,-30693,4861,-11011,10499,21009,-512,11,-1,43208,2020-11-02 14:31:11,2020-11-02 14:31:41,1,D7:F2:3B:06:4D:C8,11,11,-26521.07369908932,1800.9174947751053,35499.31744448738
12348,-14079,24315,-29438,-4581,-1278,-8459,17414,-28143,31487,11,-1,43233,2020-11-02 14:31:11,2020-11-02 14:31:41,1,D7:F2:3B:06:4D:C8,11,11,-9495.791336814098,-38114.46322995385,-10637.24351419025
12349,-27138,-6662,-25090,-16098,17934,-18954,-22263,30995,2046,11,-1,43259,2020-11-02 14:31:11,2020-11-02 14:31:41,1,D7:F2:3B:06:4D:C8,11,11,-32418.184312441572,3054.629010130099,-18710.74438644916
12350,-3074,24315,-24329,9763,22552,-29704,-18673,-13034,14335,11,-1,43284,2020-11-02 14:31:11,2020-11-02 14:31:41,1,D7:F2:3B:06:4D:C8,11,11,32293.42730756382,-4468.024168221718,-11390.35797344744
12351,16894,3837,26351,4388,-19428,2038,19994,25882,-6908,11,-1,43310,2020-11-02 14:31:11,2020-11-02 14:31:41,1,D7:F2:3B:06:4D:C8,11,11,-1846.185549043269,-11037.78922462228,29483.28024408607
12352,29430,-4611,-31256,-18910,27422,27125,-15316,3868,-20462,11,-1,43336,2020-11-02 14:31:11,2020-11-02 14:31:41,1,D7:F2:3B:06:4D:C8,11,11,-32875.46241687784,22083.765143046978,17199.8559582107
12353,-4111,-16383,-14878,21024,24608,18682,5693,15129,-26082,11,-1,43361,2020-11-02 14:31:11,2020-11-02 14:31:41,1,D7:F2:3B:06:4D:C8,11,11,20123.29052820067,1764.9426654345843,9929.554355828763
12354,-22027,10759,10464,3609,-14564,31739,26180,-17388,1570,11,-1,43387,2020-11-02 14:31:11,2020-11-02 14:31:41,1,D7:F2:3B:06:4D:C8,11,11,23920.847953458368,886.6295940305598,11723.780412073384
12355,25589,13318,-13084,-22514,31511,-26377,-19781,-15344,-30941,11,-1,43412,2020-11-02 14:31:11,2020-11-02 14:31:41,1,D7:F2:3B:06:4D:C8,11,11,8536.806176988151,-24130.758115657438,18659.757609898632
12356,1270,29446,5113,22020,-12521,2813,18877,1037,11300,11,-1,43438,2020-11-02 14:31:11,2020-11-02 14:31:41,1,D7:F2:3B:06:4D:C8,11,11,25823.333611130733,-15071.710046177644,-906.4118777872274
12357,-31224,26367,-10265,22788,-28901,28922,-4163,-9208,-14557,11,-1,43463,2020-11-02 14:31:11,2020-11-02 14:31:41,1,D7:F2:3B:06:4D:C8,11,11,27401.45712266625,-3486.5711322569873,-31820.29319937821
12358,-21513,22528,26592,6145,-3813,15601,-22338,18436,-10716,11,-1,43489,2020-11-02 14:31:11,2020-11-02 14:31:41,1,D7:F2:3B:06:4D:C8,11,11,-6351.675141488802,-24440.275803340966,32245.675036407887
12359,-13581,15104,-31775,-32521,-18666,25585,2238,3584,10790,11,-1,43516,2020-11-02 14:31:11,2020-11-02 14:31:41,1,D7:F2:3B:06:4D:C8,11,11,-20047.423370533677,-3267.2914168436605,-31775.0
12360,3577,-27906,-22043,240,14090,23788,-11077,28413,27688,11,-1,43540,2020-11-02 14:31:11,2020-11-02 14:31:41,1,D7:F2:3B:06:4D:C8,11,11,-18195.60631271797,30377.013055427924,-4857.015826918776
12205,-32258,30717,12553,15637,11773,19705,31493,30991,7681,11,1,39575,2020-11-02 14:31:11,2020-11-02 14:31:41,1,D7:F2:3B:06:4D:C8,11,11,-8988.864220503463,24406.261456909277,-38278.25993592627
12206,8195,19711,6,1305,21257,-12039,24840,21264,7680,11,1,39601,2020-11-02 14:31:11,2020-11-02 14:31:41,1,D7:F2:3B:06:4D:C8,11,11,5316.491120836097,-15557.504540337526,13615.45286207727
12207,28927,-6658,-3328,-12259,-23021,12025,-9204,-5870,28672,11,1,39626,2020-11-02 14:31:11,2020-11-02 14:31:41,1,D7:F2:3B:06:4D:C8,11,11,-2609.5902320967257,-13732.351258128409,26396.750647455166
12208,8188,-17408,15355,-30432,19736,15608,-25581,16918,-9982,11,1,39652,2020-11-02 14:31:11,2020-11-02 14:31:41,1,D7:F2:3B:06:4D:C8,11,11,-13448.246605088374,20496.368479253422,2213.905014086101
12209,8441,-8189,-271,-32736,26395,-18185,14366,12057,14345,11,1,39677,2020-11-02 14:31:11,2020-11-02 14:31:41,1,D7:F2:3B:06:4D:C8,11,11,913.991300281431,-10778.253228733029,-4623.583052170247
12210,-13065,-24313,26345,-10468,-12004,-20489,45,-2023,14356,11,1,39703,2020-11-02 14:31:11,2020-11-02 14:31:41,1,D7:F2:3B:06:4D:C8,11,11,27544.70675790121,-1762.1928445068588,26345.0
12211,10999,24328,22761,15382,31517,7928,29497,-16617,-15075,11,1,39728,2020-11-02 14:31:11,2020-11-02 14:31:41,1,D7:F2:3B:06:4D:C8,11,11,21641.692512534635,-21742.983377771467,17022.706160503858
12212,-20489,17157,12010,-19184,-19428,-12044,1601,12308,26659,11,1,39754,2020-11-02 14:31:11,2020-11-02 14:31:41,1,D7:F2:3B:06:4D:C8,11,11,272.9910626428809,-25932.17334577483,13632.671471300213
12213,-27152,-14586,17128,25356,-1506,1529,16453,-16881,20006,11,1,39780,2020-11-02 14:31:11,2020-11-02 14:31:41,1,D7:F2:3B:06:4D:C8,11,11,-28200.59036526057,13620.503341930254,-16203.687103966164
12214,30454,-14584,30947,-18684,6684,-31753,-32070,11531,-30681,11,1,39805,2020-11-02 14:31:11,2020-11-02 14:31:41,1,D7:F2:3B:06:4D:C8,11,11,27486.010266199293,-26283.927731578682,-25525.092823485214
12215,-18703,20741,996,21243,24858,30451,-3654,263,12841,11,1,39856,2020-11-02 14:31:11,2020-11-02 14:31:41,1,D7:F2:3B:06:4D:C8,11,11,-11076.543645850259,-25637.89131074501,996.0
12216,-8718,7937,21992,-30732,789,-15371,-5447,28419,-11478,11,1,39858,2020-11-02 14:31:11,2020-11-02 14:31:41,1,D7:F2:3B:06:4D:C8,11,11,11771.87714489529,6649.42600482287,-20972.734664127067
12217,-776,25346,-24091,-10514,-20977,-5645,28740,-8704,-25300,11,1,39882,2020-11-02 14:31:11,2020-11-02 14:31:41,1,D7:F2:3B:06:4D:C8,11,11,-4810.8167290050815,29913.213300093856,-17477.23906865764
12943,-26120,-29956,25328,26355,26354,-20740,10050,29958,-25031,11,-1,58455,2020-11-02 14:31:11,2020-11-02 14:31:41,1,D7:F2:3B:06:4D:C8,11,11,25999.513767579694,27264.973623022415,-28315.55080137636
12944,16374,7421,-3856,-6155,7412,10751,30528,24328,30777,11,-1,58481,2020-11-02 14:31:11,2020-11-02 14:31:41,1,D7:F2:3B:06:4D:C8,11,11,-2800.6206719837105,3853.274344358493,17758.284085991138
12945,5618,13308,-26126,31737,15857,29954,-3522,20490,-21704,11,-1,58507,2020-11-02 14:31:11,2020-11-02 14:31:41,1,D7:F2:3B:06:4D:C8,11,11,11034.148055434158,-11869.646464831674,25071.7317609029
12946,-24843,27388,-9743,-2563,-19986,16644,-25027,-31476,2871,11,-1,58532,2020-11-02 14:31:11,2020-11-02 14:31:41,1,D7:F2:3B:06:4D:C8,11,11,18935.75901269102,-10528.46477642746,31508.59727224963
12947,-7176,29435,22515,-17406,-23826,-252,-26308,-20210,-716,11,-1,58558,2020-11-02 14:31:11,2020-11-02 14:31:41,1,D7:F2:3B:06:4D:C8,11,11,6037.361890319684,-36279.408161978434,-8496.718826811264
12948,18683,4602,4597,3594,30962,18438,14908,27408,-21198,11,-1,58583,2020-11-02 14:31:11,2020-11-02 14:31:41,1,D7:F2:3B:06:4D:C8,11,11,12931.582529901278,8000.114213947014,12654.55047941866
12949,18941,17144,-24844,8210,-28680,-4858,8509,23569,-27344,11,-1,58609,2020-11-02 14:31:11,2020-11-02 14:31:41,1,D7:F2:3B:06:4D:C8,11,11,-14242.897016028464,-29663.546399502513,13679.051597072405
12950,20994,21751,12018,-25064,4863,-1019,29759,31505,1583,11,-1,58634,2020-11-02 14:31:11,2020-11-02 14:31:41,1,D7:F2:3B:06:4D:C8,11,11,22687.003480751704,17694.28812891223,15182.173812580184
12951,-29178,8955,28140,26651,-27128,4867,13635,-28912,30254,11,-1,58660,2020-11-02 14:31:11,2020-11-02 14:31:41,1,D7:F2:3B:06:4D:C8,11,11,-31428.335475994663,2901.9352251318574,26967.4954372384
12952,24839,8446,13542,31768,14608,-5633,32698,22798,20526,11,-1,58686,2020-11-02 14:31:11,2020-11-02 14:31:41,1,D7:F2:3B:06:4D:C8,11,11,22768.525164034487,-18782.624983949903,709.8320695975294
12953,-27903,-25089,23267,-18159,-3310,-7173,-21059,25867,25902,11,-1,58711,2020-11-02 14:31:11,2020-11-02 14:31:41,1,D7:F2:3B:06:4D:C8,11,11,-282.31487121723694,-43349.33696178392,-8375.195656652093
12954,23039,3074,-18719,-9464,32272,-16905,-18753,29960,-15314,11,-1,58737,2020-11-02 14:31:11,2020-11-02 14:31:41,1,D7:F2:3B:06:4D:C8,11,11,-666.8587997904351,12203.599616073529,27226.336767029683
12955,9471,-23040,16097,-23810,-13044,-21519,26304,-13563,-7121,11,-1,58762,2020-11-02 14:31:11,2020-11-02 14:31:41,1,D7:F2:3B:06:4D:C8,11,11,17396.6897709091,23326.550675171176,5734.288849841601
12956,-3330,-15875,14312,8440,19975,-3862,-4673,-27901,13362,11,-1,58788,2020-11-02 14:31:11,2020-11-02 14:31:41,1,D7:F2:3B:06:4D:C8,11,11,9021.862525182763,18434.463383953225,-6834.7951924246145
12957,23543,9212,225,4847,4101,-27158,25790,-6655,21813,11,-1,58814,2020-11-02 14:31:11,2020-11-02 14:31:41,1,D7:F2:3B:06:4D:C8,11,11,-17697.59469727802,8432.962076924583,15964.482783354702
12958,-29703,-21259,-20504,-6166,-29693,-26389,31931,-9984,21048,11,-1,58839,2020-11-02 14:31:11,2020-11-02 14:31:41,1,D7:F2:3B:06:4D:C8,11,11,31650.843294499784,21440.152870371527,-17122.244877413646
12959,-13324,9977,29672,4333,-18940,-17173,13381,14336,-32453,11,-1,58866,2020-11-02 14:31:11,2020-11-02 14:31:41,1,D7:F2:3B:06:4D:C8,11,11,30581.660126529805,-6370.51420591808,13478.712908049238
12960,3823,-32003,-5656,24814,-22012,32243,-31422,-11777,830,11,-1,58890,2020-11-02 14:31:11,2020-11-02 14:31:41,1,D7:F2:3B:06:4D:C8,11,11,27772.873219490117,-3654.365223884919,16914.810136226446
12961,-1295,-14339,2029,30190,15873,-1030,-9409,-14081,16191,11,-1,58916,2020-11-02 14:31:11,2020-11-02 14:31:41,1,D7:F2:3B:06:4D:C8,11,11,10248.501126532496,-7879.155335442816,-6654.917194032178
12962,-10759,15358,7919,10481,31997,25086,30269,9728,-29121,11,-1,58942,2020-11-02 14:31:11,2020-11-02 14:31:41,1,D7:F2:3B:06:4D:C8,11,11,-16087.39695465812,-12255.388482200698,2309.9606865916785
12963,1792,20225,-7188,-29711,-5127,-29955,20539,-3840,-32449,11,-1,58967,2020-11-02 14:31:11,2020-11-02 14:31:41,1,D7:F2:3B:06:4D:C8,11,11,18735.77352506148,-3673.523089923304,9970.218228574815
12019,-3621,27376,-4097,-13075,-9985,-28425,-30790,-19955,2495,11,1,34817,2020-11-02 14:31:11,2020-11-02 14:31:41,1,D7:F2:3B:06:4D:C8,11,11,44.153983660819165,11694.24874253616,-25349.260793431797
12020,17895,6644,-30728,-7692,-8710,-23548,12613,19214,447,11,1,34842,2020-11-02 14:31:11,2020-11-02 14:31:41,1,D7:F2:3B:06:4D:C8,11,11,-15058.804901343909,25176.01174948033,-21165.646041009208
12021,-8980,-19464,25083,-1800,16886,-22265,-702,27663,-27971,11,1,34868,2020-11-02 14:31:11,2020-11-02 14:31:41,1,D7:F2:3B:06:4D:C8,11,11,23301.735370501334,2798.449289817601,-23191.429349987167
12022,-24337,28923,-19718,29694,-2576,5125,19777,16145,-13637,11,1,34893,2020-11-02 14:31:11,2020-11-02 14:31:41,1,D7:F2:3B:06:4D:C8,11,11,-36651.97318272106,-17966.245532266497,12307.554805379097
12023,29165,4348,30971,8193,2023,11264,9536,17428,8890,11,1,34919,2020-11-02 14:31:11,2020-11-02 14:31:41,1,D7:F2:3B:06:4D:C8,11,11,5907.580121903952,-34685.96372441601,-24304.10639401873
12024,31720,-7944,-15365,-11772,-25642,-7431,-5826,31769,-16060,11,1,34945,2020-11-02 14:31:11,2020-11-02 14:31:41,1,D7:F2:3B:06:4D:C8,11,11,-20049.041353827888,-2425.0539120780372,29958.36803492497
12025,4588,-8459,-1290,-10484,-5940,5618,-27334,2337,-10690,11,1,34970,2020-11-02 14:31:11,2020-11-02 14:31:41,1,D7:F2:3B:06:4D:C8,11,11,7953.051543031047,-345.76107538465044,-5558.592036895706
12026,-23561,23030,23035,19221,-20000,7411,-2310,-27618,27388,11,1,34996,2020-11-02 14:31:11,2020-11-02 14:31:41,1,D7:F2:3B:06:4D:C8,11,11,-4032.208990260842,-39901.84405222644,2774.3427853567932
12027,-15369,-32014,3581,-11745,10232,2556,-16644,-2277,-6151,11,1,35021,2020-11-02 14:31:11,2020-11-02 14:31:41,1,D7:F2:3B:06:4D:C8,11,11,5646.604789738267,21890.087621294308,27620.026000722057
12028,3322,1011,24316,26663,2306,22783,-28415,-10981,7673,11,1,35047,2020-11-02 14:31:11,2020-11-02 14:31:41,1,D7:F2:3B:06:4D:C8,11,11,23889.26783227822,1922.780157113741,-5378.797254506526
12029,23036,-5129,502,-17881,-12026,-1287,24070,-18148,-19465,11,1,35072,2020-11-02 14:31:11,2020-11-02 14:31:41,1,D7:F2:3B:06:4D:C8,11,11,23600.4181661774,-406.0250795911671,-267.1086226740108
12030,11002,11514,19438,6694,-19701,19187,9480,-17890,29171,11,1,35098,2020-11-02 14:31:11,2020-11-02 14:31:41,1,D7:F2:3B:06:4D:C8,11,11,-13617.0275470582,10301.78205081715,-18436.428378623656
12031,20474,-17155,-25369,17186,14866,24562,-4862,-14559,-22808,11,1,35124,2020-11-02 14:31:11,2020-11-02 14:31:41,1,D7:F2:3B:06:4D:C8,11,11,-16823.102909268167,14930.339000152628,29174.18461319346
12032,20219,12802,-15901,-31462,32022,-2320,22476,27424,4666,11,1,35149,2020-11-02 14:31:11,2020-11-02 14:31:41,1,D7:F2:3B:06:4D:C8,11,11,-26496.76065825981,-10429.934693318954,3831.331741313536
12033,-11015,7426,-21278,-16369,32025,24302,-17718,-7397,19765,11,1,35175,2020-11-02 14:31:11,2020-11-02 14:31:41,1,D7:F2:3B:06:4D:C8,11,11,24028.33601977961,7033.949108087748,1546.4840980086176
12034,-14600,-8450,-795,31495,18204,-27411,17610,-9450,5427,11,1,35226,2020-11-02 14:31:11,2020-11-02 14:31:41,1,D7:F2:3B:06:4D:C8,11,11,-7547.264470985867,8477.627002681358,-12504.525757037023
12964,19200,1795,31980,17137,16888,25339,8249,13314,28479,11,-1,58993,2020-11-02 14:31:11,2020-11-02 14:31:41,1,D7:F2:3B:06:4D:C8,11,11,-25576.68064660129,10072.619864908243,-25277.621746494013
12965,-23555,26371,9966,26609,15353,-262,-4554,-32253,26943,11,-1,59018,2020-11-02 14:31:11,2020-11-02 14:31:41,1,D7:F2:3B:06:4D:C8,11,11,18078.428526492724,-19413.025347266383,25414.43863001674
12966,-8455,3332,1264,-2063,-22285,-8967,-16844,8453,4415,11,-1,59044,2020-11-02 14:31:11,2020-11-02 14:31:41,1,D7:F2:3B:06:4D:C8,11,11,-7560.3489543325395,-237.24931186741696,5193.436381890253
12967,10488,9219,32757,-31757,-11795,-10761,28210,-19449,-4035,11,-1,59069,2020-11-02 14:31:11,2020-11-02 14:31:41,1,D7:F2:3B:06:4D:C8,11,11,-6376.874824288752,18764.638798060165,29584.336265221278
12968,760,7939,7674,-30468,-8723,-16900,-31952,8714,-709,11,-1,59095,2020-11-02 14:31:11,2020-11-02 14:31:41,1,D7:F2:3B:06:4D:C8,11,11,8648.397966243765,-5106.790793372371,4649.8921933952315
12969,7417,-22524,-16651,-24573,3314,3587,-17873,23307,-17095,11,-1,59121,2020-11-02 14:31:11,2020-11-02 14:31:41,1,D7:F2:3B:06:4D:C8,11,11,26349.574157126783,9637.939995129404,-7239.3591144770035
12970,-24582,22277,22004,-30714,20722,-2556,24879,-12021,19767,11,-1,59146,2020-11-02 14:31:11,2020-11-02 14:31:41,1,D7:F2:3B:06:4D:C8,11,11,-38546.52630166693,3382.069004655772,-9351.063486184119
12971,28922,-12027,-28172,9224,20721,15363,17199,28940,-16076,11,-1,59172,2020-11-02 14:31:11,2020-11-02 14:31:41,1,D7:F2:3B:06:4D:C8,11,11,21479.9392942018,8769.4548760555,35163.919947785
12972,23288,11269,11509,-14070,-25103,-24063,27695,18189,19506,11,-1,59197,2020-11-02 14:31:11,2020-11-02 14:31:41,1,D7:F2:3B:06:4D:C8,11,11,24877.015057731558,-4903.849814125179,12604.156648419676
12973,-8201,-9725,11765,-10482,-21774,27648,11824,19726,4400,11,-1,59223,2020-11-02 14:31:11,2020-11-02 14:31:41,1,D7:F2:3B:06:4D:C8,11,11,6180.0969015779,-6650.8562411831845,14758.71825553364
12974,-1802,11010,29428,-6126,-28171,11009,-19663,15375,11822,11,-1,59248,2020-11-02 14:31:11,2020-11-02 14:31:41,1,D7:F2:3B:06:4D:C8,11,11,17434.99237433198,-21883.275595412804,14408.947849242704
12975,-13320,-16386,-2572,26391,20728,7682,1076,-5617,-24532,11,-1,59274,2020-11-02 14:31:11,2020-11-02 14:31:41,1,D7:F2:3B:06:4D:C8,11,11,21107.498718019022,629.9951339695418,-2572.0
12976,21755,-23045,-25870,25373,2558,-12541,-31433,7952,-25301,11,-1,59300,2020-11-02 14:31:11,2020-11-02 14:31:41,1,D7:F2:3B:06:4D:C8,11,11,-5319.309421139253,-21792.776405408316,-34210.94552663018
12977,-4611,8442,-24339,1825,-8697,-26360,3388,4111,-726,11,-1,59325,2020-11-02 14:31:11,2020-11-02 14:31:41,1,D7:F2:3B:06:4D:C8,11,11,-4611.0,8442.0,-24339.0
12978,29954,-32007,26090,-4574,-13043,-12791,-12736,-16116,3370,11,-1,59351,2020-11-02 14:31:11,2020-11-02 14:31:41,1,D7:F2:3B:06:4D:C8,11,11,-29056.859477132,37043.181663246425,19643.825355310226
12979,18180,32250,19686,-7647,9229,17923,-13499,28938,17705,11,-1,59376,2020-11-02 14:31:11,2020-11-02 14:31:41,1,D7:F2:3B:06:4D:C8,11,11,-41353.580042559974,1369.83248632916,6791.058284463706
12980,-20987,-20739,-28957,4381,-25590,-18439,3518,-31224,-31959,11,-1,59402,2020-11-02 14:31:11,2020-11-02 14:31:41,1,D7:F2:3B:06:4D:C8,11,11,10321.817968590844,-38218.55272517286,11910.937847896643
12981,28418,7937,28641,-4589,-7157,-1294,3266,22534,-21718,11,-1,59428,2020-11-02 14:31:11,2020-11-02 14:31:41,1,D7:F2:3B:06:4D:C8,11,11,24970.759465028492,-4457.737041632631,-32364.723484178663
12982,27902,1026,-31520,-27642,12558,-21775,2244,-29693,-16341,11,-1,59453,2020-11-02 14:31:11,2020-11-02 14:31:41,1,D7:F2:3B:06:4D:C8,11,11,10217.404313025401,19859.959814293517,-35696.937197451785
12983,-26888,15612,12003,-24837,25353,-28436,-317,-18432,16685,11,-1,59479,2020-11-02 14:31:11,2020-11-02 14:31:41,1,D7:F2:3B:06:4D:C8,11,11,-24568.434129995192,16167.403773544514,-15677.314713408856
12984,-9736,2298,-32285,-18957,24578,26347,32706,-13570,-13521,11,-1,59504,2020-11-02 14:31:11,2020-11-02 14:31:41,1,D7:F2:3B:06:4D:C8,11,11,-33543.41253037552,-465.9994465580685,-4124.8085207502645
12985,-16645,759,-29466,-4883,24829,10474,-14401,-9475,-10190,11,-1,59530,2020-11-02 14:31:11,2020-11-02 14:31:41,1,D7:F2:3B:06:4D:C8,11,11,-32931.94117790893,1114.3012722452877,-7753.892243861693
12986,-28420,21752,-26647,23276,-23050,-20249,-31044,12798,-29386,11,-1,59555,2020-11-02 14:31:11,2020-11-02 14:31:41,1,D7:F2:3B:06:4D:C8,11,11,-23634.346096149657,31936.32173059344,20307.573757774222
12987,-7425,5370,-22806,235,-16910,17126,-6843,-11265,31546,11,-1,59581,2020-11-02 14:31:11,2020-11-02 14:31:41,1,D7:F2:3B:06:4D:C8,11,11,-12738.25743670849,-14362.646249078987,-15347.063276078523
12988,-18945,-27397,-5398,32489,13297,-14875,-14270,22530,16702,11,-1,59607,2020-11-02 14:31:11,2020-11-02 14:31:41,1,D7:F2:3B:06:4D:C8,11,11,-15303.799163220983,17837.256412871808,-24213.076071273146
12989,15101,2555,-6932,744,-29200,-6683,-10945,31237,-19903,11,-1,59632,2020-11-02 14:31:11,2020-11-02 14:31:41,1,D7:F2:3B:06:4D:C8,11,11,-10465.67090000898,3005.769158506081,12808.432159264414
12693,-14095,32004,25844,-21007,1771,32742,28212,-3833,31037,11,1,52060,2020-11-02 14:31:11,2020-11-02 14:31:41,1,D7:F2:3B:06:4D:C8,11,11,-5302.745563336823,13130.141698593965,-41113.47279743412
12694,20212,-32252,17396,21748,10729,-17939,19250,-26612,-452,11,1,52085,2020-11-02 14:31:11,2020-11-02 14:31:41,1,D7:F2:3B:06:4D:C8,11,11,-29689.541695520944,29474.31434014812,-1064.5055603717574
12695,25844,-5885,24568,6647,-6166,7662,-7121,-14320,-26565,11,1,52111,2020-11-02 14:31:11,2020-11-02 14:31:41,1,D7:F2:3B:06:4D:C8,11,11,4623.547975559562,-32116.419497936313,15915.105646846196
12696,21488,-25341,-4358,-12805,3561,7150,-1236,-5100,-4296,11,1,52136,2020-11-02 14:31:11,2020-11-02 14:31:41,1,D7:F2:3B:06:4D:C8,11,11,21488.0,-25341.0,-4358.0
12697,-1292,-6913,-5891,14337,29418,-24850,4649,-31976,-32460,11,1,52162,2020-11-02 14:31:11,2020-11-02 14:31:41,1,D7:F2:3B:06:4D:C8,11,11,4922.6695364050265,-7729.379514636506,-432.12377169909087
12698,14322,31230,-12292,27141,-21016,28653,25378,-13285,-22484,11,1,52187,2020-11-02 14:31:11,2020-11-02 14:31:41,1,D7:F2:3B:06:4D:C8,11,11,-12336.501430357715,28257.76909085355,19514.995938169795
12699,-8466,22013,-8450,31241,20971,-15378,-20203,-31203,16158,11,1,52213,2020-11-02 14:31:11,2020-11-02 14:31:41,1,D7:F2:3B:06:4D:C8,11,11,19801.11882537985,11967.080035750474,9610.021523447813
12700,-6423,-25094,-4863,-26610,5872,-7178,16139,-15332,32017,11,1,52239,2020-11-02 14:31:11,2020-11-02 14:31:41,1,D7:F2:3B:06:4D:C8,11,11,20375.84081690965,-16478.002753191555,2813.0180002570946
12701,-20238,-15620,-5889,12563,-31751,13823,18442,-26085,-23027,11,1,52264,2020-11-02 14:31:11,2020-11-02 14:31:41,1,D7:F2:3B:06:4D:C8,11,11,-22772.177294895693,1437.0247731738941,12946.206627855181
12702,-9997,-28931,19712,29716,-20994,1025,-10228,11291,7181,11,1,52290,2020-11-02 14:31:11,2020-11-02 14:31:41,1,D7:F2:3B:06:4D:C8,11,11,12187.956814626159,20750.239159256562,27320.084141862808
12703,-27146,7423,-30465,23062,-31228,28419,24849,12571,29198,11,1,52315,2020-11-02 14:31:11,2020-11-02 14:31:41,1,D7:F2:3B:06:4D:C8,11,11,-19869.903564748038,-31214.071552452162,18734.757523010805
12704,18935,-6402,-29699,2073,-28150,-30715,281,23323,-20718,11,1,52367,2020-11-02 14:31:11,2020-11-02 14:31:41,1,D7:F2:3B:06:4D:C8,11,11,-10901.914504376937,4912.685453652714,33742.61714468403
12705,-2057,-1538,12027,28187,25101,5126,-18910,-4070,-18664,11,1,52369,2020-11-02 14:31:11,2020-11-02 14:31:41,1,D7:F2:3B:06:4D:C8,11,11,2490.8010648501145,-2897.3521922742248,-11689.59718421748
12503,-32254,-29694,-11279,-2536,-4844,-7179,-13527,-17893,24851,11,-1,47199,2020-11-02 14:31:11,2020-11-02 14:31:41,1,D7:F2:3B:06:4D:C8,11,11,-16357.959589278169,-22154.034186769033,-35928.90090619265
12504,18939,10495,-6164,13591,-4838,29938,16441,-6630,-7649,11,-1,47224,2020-11-02 14:31:11,2020-11-02 14:31:41,1,D7:F2:3B:06:4D:C8,11,11,1065.0942665293128,631.5027056442888,22478.71038418731
12505,31990,-12545,-9241,-27372,31518,21747,-11453,15127,-10457,11,-1,47250,2020-11-02 14:31:11,2020-11-02 14:31:41,1,D7:F2:3B:06:4D:C8,11,11,-16706.43515872281,-918.2736158948034,-31403.582659526957
12506,-14855,28161,-27419,22031,-9698,-3086,26812,26642,-2262,11,-1,47275,2020-11-02 14:31:11,2020-11-02 14:31:41,1,D7:F2:3B:06:4D:C8,11,11,12275.482331887883,-39158.02562598826,-9026.40956271956
12507,26613,-25857,-6433,-504,-21218,20976,20159,21517,-20180,11,-1,47301,2020-11-02 14:31:11,2020-11-02 14:31:41,1,D7:F2:3B:06:4D:C8,11,11,29443.580854676078,-22576.921245034766,-6448.091233043335
12508,7923,-23040,-5667,3839,-28899,-20752,13248,12296,-15315,11,-1,47326,2020-11-02 14:31:11,2020-11-02 14:31:41,1,D7:F2:3B:06:4D:C8,11,11,21811.256148848875,12235.843247939672,532.6004329245018
12509,-13333,-16132,1762,-23051,11031,-19472,28351,-16125,303,11,-1,47352,2020-11-02 14:31:11,2020-11-02 14:31:41,1,D7:F2:3B:06:4D:C8,11,11,-4505.632057081375,11878.064888504356,-16725.005568629287
12510,-15626,-24070,20709,14065,-30703,-4365,-32579,-31232,19248,11,-1,47378,2020-11-02 14:31:11,2020-11-02 14:31:41,1,D7:F2:3B:06:4D:C8,11,11,24489.12514315711,23465.032462658066,10103.190498510508
12511,-14089,-1542,12771,-3092,32013,-27920,-12614,2302,12082,11,-1,47403,2020-11-02 14:31:11,2020-11-02 14:31:41,1,D7:F2:3B:06:4D:C8,11,11,-5279.743284794317,-17910.694548649957,-3912.4746173783537
12512,-16900,-32263,23527,-9750,27912,-12306,-1213,-27652,-18636,11,-1,47429,2020-11-02 14:31:11,2020-11-02 14:31:41,1,D7:F2:3B:06:4D:C8,11,11,-33116.089137638366,27868.55186147961,-2588.311297354212
12513,-5122,-5637,15591,-4374,-16893,-7190,21056,23292,-11209,11,-1,47454,2020-11-02 14:31:11,2020-11-02 14:31:41,1,D7:F2:3B:06:4D:C8,11,11,11290.080751519485,-11326.788067345407,6732.598510353256
12514,-22280,-18432,-7448,20458,-10496,32236,-21956,9981,-5574,11,-1,47480,2020-11-02 14:31:11,2020-11-02 14:31:41,1,D7:F2:3B:06:4D:C8,11,11,-3644.608900456007,17196.479877309517,24137.2664937852
12515,16886,-7423,-31762,-25111,23036,21234,8505,-20994,-3780,11,-1,47506,2020-11-02 14:31:11,2020-11-02 14:31:41,1,D7:F2:3B:06:4D:C8,11,11,-13413.771975171101,22716.137403009205,25556.02457123801
12516,4086,-10494,501,-18452,-7945,8184,-1227,27136,-29379,11,-1,47531,2020-11-02 14:31:11,2020-11-02 14:31:41,1,D7:F2:3B:06:4D:C8,11,11,9197.797023031873,-5901.4181197846165,2764.819541775525
12517,19700,-15870,14843,-23822,-16657,-2564,32563,24834,-17860,11,-1,47557,2020-11-02 14:31:11,2020-11-02 14:31:41,1,D7:F2:3B:06:4D:C8,11,11,28677.648663491138,-5742.067878811329,2209.677037145457
12518,-523,22021,5626,30459,4071,24063,-8655,-20988,16186,11,-1,47583,2020-11-02 14:31:11,2020-11-02 14:31:41,1,D7:F2:3B:06:4D:C8,11,11,-16248.696986200901,-4462.88260806821,15261.46687174035
12519,26872,-16380,29685,12547,21214,19453,-8400,-20985,32566,11,-1,47608,2020-11-02 14:31:11,2020-11-02 14:31:41,1,D7:F2:3B:06:4D:C8,11,11,6726.326568988112,34121.138042358914,-25731.54636980864
12520,-28937,31234,756,24330,20955,32763,10288,22795,-10703,11,-1,47633,2020-11-02 14:31:11,2020-11-02 14:31:41,1,D7:F2:3B:06:4D:C8,11,11,31178.576715015108,-18501.156459549093,-22340.273603633475
12521,5621,30209,-3856,29458,-24867,12534,-1233,18447,10029,11,-1,47659,2020-11-02 14:31:11,2020-11-02 14:31:41,1,D7:F2:3B:06:4D:C8,11,11,-28720.6532885809,11181.524726651971,3024.1755015868043
12522,18934,-19458,25841,14359,27877,31735,-31440,-238,3369,11,-1,47685,2020-11-02 14:31:11,2020-11-02 14:31:41,1,D7:F2:3B:06:4D:C8,11,11,18934.0,-30299.06098631362,-11328.634001840119
12523,-30730,6396,-18191,30235,15087,30715,3378,-27627,-4315,11,-1,47736,2020-11-02 14:31:11,2020-11-02 14:31:41,1,D7:F2:3B:06:4D:C8,11,11,6319.474276992274,6396.0,35146.971787942595
12524,-16390,17149,1266,12318,-21254,-9728,5941,-12266,11044,11,-1,47738,2020-11-02 14:31:11,2020-11-02 14:31:41,1,D7:F2:3B:06:4D:C8,11,11,-10640.77962069444,-1394.7105570330857,-21193.198166532453
12525,7681,4095,30958,17695,32263,25605,31033,2070,-17885,11,-1,47761,2020-11-02 14:31:11,2020-11-02 14:31:41,1,D7:F2:3B:06:4D:C8,11,11,-3250.8659782625427,-31623.205918279302,4854.8190328250075
12526,6402,-6910,-7447,-15845,-31218,17920,-24002,-237,-30684,11,-1,47787,2020-11-02 14:31:11,2020-11-02 14:31:41,1,D7:F2:3B:06:4D:C8,11,11,-7919.55547371359,9018.93782656507,-361.8211980064662
12527,29183,-10491,-3357,7189,8465,-7688,-19389,-25839,23078,11,-1,47813,2020-11-02 14:31:11,2020-11-02 14:31:41,1,D7:F2:3B:06:4D:C8,11,11,17593.68152167105,5205.697040200035,-25225.802422116598
11911,-26881,-6407,-26634,-7408,8424,20209,10040,30999,-30424,11,1,32054,2020-11-02 14:31:11,2020-11-02 14:31:41,1,D7:F2:3B:06:4D:C8,11,11,-14953.758962550613,16253.484268606511,-31388.168280740716
11912,-24074,13308,9454,26903,22001,-21010,-18371,19483,-1750,11,1,32079,2020-11-02 14:31:11,2020-11-02 14:31:41,1,D7:F2:3B:06:4D:C8,11,11,22247.25539054433,-11840.671588560745,14522.278744045176
11913,-15876,-26624,-11540,32533,-13577,-17175,-6980,4637,-18893,11,1,32105,2020-11-02 14:31:11,2020-11-02 14:31:41,1,D7:F2:3B:06:4D:C8,11,11,12316.751902158308,26094.86836772134,16168.234889807105
11914,25077,31496,19174,-16119,5630,4837,28619,-18661,28992,11,1,32130,2020-11-02 14:31:11,2020-11-02 14:31:41,1,D7:F2:3B:06:4D:C8,11,11,-11412.977679980608,17161.092155750037,39544.115586242646
11915,-19733,-31992,-10267,18937,-12288,9197,4816,-7400,-32443,11,1,32156,2020-11-02 14:31:11,2020-11-02 14:31:41,1,D7:F2:3B:06:4D:C8,11,11,30104.226196697182,-11014.25177605191,-22152.030717562408
11916,11003,3585,-8213,-12564,-771,24305,3280,2071,30907,11,1,32182,2020-11-02 14:31:11,2020-11-02 14:31:41,1,D7:F2:3B:06:4D:C8,11,11,6558.87855131923,-9534.114859232846,-8213.0
11917,9466,25847,-16650,-4635,24318,-17172,-4914,-11244,-27458,11,1,32207,2020-11-02 14:31:11,2020-11-02 14:31:41,1,D7:F2:3B:06:4D:C8,11,11,-32062.0041125055,-2420.8838464484306,-1030.6690505129782
11918,30958,-27663,-30983,228,-17919,-1293,-25652,-9454,-2624,11,1,32235,2020-11-02 14:31:11,2020-11-02 14:31:41,1,D7:F2:3B:06:4D:C8,11,11,17301.8975142261,41529.75519607564,25680.91504914195
11919,28399,4846,-20999,22759,-26360,29175,9417,15889,-29759,11,1,32258,2020-11-02 14:31:11,2020-11-02 14:31:41,1,D7:F2:3B:06:4D:C8,11,11,-24682.0281529097,-11915.02404173726,-22798.56588348917
11920,-30239,-29456,-3338,-5144,15113,30973,-31547,-25329,26561,11,1,32284,2020-11-02 14:31:11,2020-11-02 14:31:41,1,D7:F2:3B:06:4D:C8,11,11,-2379.53801433861,5130.9669247847005,41966.72822909933
11921,23010,31214,-3595,-31254,16390,29700,32193,-13298,23744,11,1,32309,2020-11-02 14:31:11,2020-11-02 14:31:41,1,D7:F2:3B:06:4D:C8,11,11,-8045.355833847234,-17587.02095974346,33803.35581371063
11922,4833,5613,253,24808,19197,-15093,-3140,5135,-18242,11,1,32335,2020-11-02 14:31:11,2020-11-02 14:31:41,1,D7:F2:3B:06:4D:C8,11,11,-3992.5271308299184,-6238.8608823716395,253.0
11923,27110,9196,5,2291,-14603,-751,-2748,25616,-21061,11,1,32361,2020-11-02 14:31:11,2020-11-02 14:31:41,1,D7:F2:3B:06:4D:C8,11,11,18844.42855174348,-6602.751145428656,20513.647429693614
11924,-16402,25075,-28676,-9477,-8211,20498,-5312,23314,-4029,11,1,32386,2020-11-02 14:31:11,2020-11-02 14:31:41,1,D7:F2:3B:06:4D:C8,11,11,32423.131024855113,25075.0,6330.809943844297
11925,-4367,31993,8442,-19968,-18968,-32241,-21188,-22764,-28354,11,1,32412,2020-11-02 14:31:11,2020-11-02 14:31:41,1,D7:F2:3B:06:4D:C8,11,11,19055.200142069825,24570.685472867728,12127.277721692872
11926,-7179,-18693,-28935,-18171,-1054,27144,-5321,23319,7736,11,1,32437,2020-11-02 14:31:11,2020-11-02 14:31:41,1,D7:F2:3B:06:4D:C8,11,11,30096.572997923882,12275.337061997261,13480.093055872992
11927,31485,25086,-11015,15371,25576,257,-5070,-4071,-2512,11,1,32463,2020-11-02 14:31:11,2020-11-02 14:31:41,1,D7:F2:3B:06:4D:C8,11,11,31485.0,25086.0,-11015.0
11928,-25861,19966,23547,18449,-1553,-17414,8240,-2789,32043,11,1,32489,2020-11-02 14:31:11,2020-11-02 14:31:41,1,D7:F2:3B:06:4D:C8,11,11,-15991.461589201386,22238.28056114975,29523.308078951548
11929,-20230,19192,16634,19222,-27150,28146,-27089,28702,-19417,11,1,32514,2020-11-02 14:31:11,2020-11-02 14:31:41,1,D7:F2:3B:06:4D:C8,11,11,5601.033742315542,26185.854028637506,-18363.147600788157
11930,5118,5357,22006,19484,-30987,-31514,1085,-5599,12593,11,1,32540,2020-11-02 14:31:11,2020-11-02 14:31:41,1,D7:F2:3B:06:4D:C8,11,11,-7000.945824953452,2424.4856271107965,22006.0
12296,32766,28418,-10518,32283,16922,-11524,-23233,21790,-14554,11,-1,41903,2020-11-02 14:31:11,2020-11-02 14:31:41,1,D7:F2:3B:06:4D:C8,11,11,2179.870001748868,30271.396654077427,-32721.743770572266
12297,-30724,32261,-29726,-28141,9759,8437,-24389,-9959,10028,11,-1,41929,2020-11-02 14:31:11,2020-11-02 14:31:41,1,D7:F2:3B:06:4D:C8,11,11,-30089.479314200787,-44252.836621930066,-2163.5754003612587
12298,26359,14341,-18721,16907,-14814,-15884,10175,21780,-20691,11,-1,41954,2020-11-02 14:31:11,2020-11-02 14:31:41,1,D7:F2:3B:06:4D:C8,11,11,28877.833449837104,-19622.788710580982,-5652.778207515723
12299,-20746,-25853,27359,2305,5921,22002,14528,-19954,9262,11,-1,41980,2020-11-02 14:31:11,2020-11-02 14:31:41,1,D7:F2:3B:06:4D:C8,11,11,25638.052696155362,13797.55968937025,31616.55589350975
12300,-28948,31995,-32030,-11017,-17892,-23571,5824,29193,28975,11,-1,42005,2020-11-02 14:31:11,2020-11-02 14:31:41,1,D7:F2:3B:06:4D:C8,11,11,37476.927966164236,29266.33290769577,-25030.965969272132
12301,-27668,19456,-544,27626,10003,-13069,1726,31493,-16592,11,-1,42031,2020-11-02 14:31:11,2020-11-02 14:31:41,1,D7:F2:3B:06:4D:C8,11,11,20740.278150661954,-1434.3938089423784,-26685.82906027171
12302,17401,12018,-16921,-3356,-31481,-12820,-28230,31235,-5326,11,-1,42056,2020-11-02 14:31:11,2020-11-02 14:31:41,1,D7:F2:3B:06:4D:C8,11,11,-14391.646321736165,4950.3659875665635,22403.61039518412
12303,-21506,18165,-17436,-29982,19970,-12830,31299,8451,-5066,11,-1,42082,2020-11-02 14:31:11,2020-11-02 14:31:41,1,D7:F2:3B:06:4D:C8,11,11,-30439.066045792202,-11567.08005408698,6012.925600923694
12304,-13576,5621,-24092,-9248,-4600,-4893,-30657,17411,-27077,11,-1,42108,2020-11-02 14:31:11,2020-11-02 14:31:41,1,D7:F2:3B:06:4D:C8,11,11,-27342.5261749306,-6125.626571820807,3345.2716594976
12305,-14104,28155,-25366,-29725,16397,-6930,-20677,-16638,30527,11,-1,42133,2020-11-02 14:31:11,2020-11-02 14:31:41,1,D7:F2:3B:06:4D:C8,11,11,-33948.46047649287,3881.779202683927,-21621.62386356796
12306,12015,11005,-6162,-14877,20997,-30733,-16585,-6654,-6591,11,-1,42159,2020-11-02 14:31:11,2020-11-02 14:31:41,1,D7:F2:3B:06:4D:C8,11,11,-1677.2888886395497,-16234.238966048277,6089.06242185824
12307,-32016,-13057,-7433,-14873,16127,-3083,820,-3837,23875,11,-1,42184,2020-11-02 14:31:11,2020-11-02 14:31:41,1,D7:F2:3B:06:4D:C8,11,11,11045.48398433378,32764.413447394814,-7433.0
12308,-26126,-31741,1022,26865,24058,5882,15665,18693,-20925,11,-1,42210,2020-11-02 14:31:11,2020-11-02 14:31:41,1,D7:F2:3B:06:4D:C8,11,11,-19781.14072575375,-15223.478520323923,32681.12015107748
12309,-23304,15624,-18949,16633,-5899,-10501,-24785,-28666,67,11,-1,42236,2020-11-02 14:31:11,2020-11-02 14:31:41,1,D7:F2:3B:06:4D:C8,11,11,16605.26108323542,4128.1225512168585,29214.28249263915
12310,20214,-27644,-19973,-26883,31215,28920,-32466,28168,-32703,11,-1,42261,2020-11-02 14:31:11,2020-11-02 14:31:41,1,D7:F2:3B:06:4D:C8,11,11,-7687.373741674497,13887.743927406458,36328.39267793991
12311,-12,-29948,-2053,5636,-537,12019,-16083,28171,14911,11,-1,42287,2020-11-02 14:31:11,2020-11-02 14:31:41,1,D7:F2:3B:06:4D:C8,11,11,-792.7311341458119,-23729.96403176699,-18367.309040793134
12740,-25080,27643,-9768,11003,-1247,2799,-29757,-22022,13860,11,1,53262,2020-11-02 14:31:11,2020-11-02 14:31:41,1,D7:F2:3B:06:4D:C8,11,11,-24585.768165335678,12369.983788209916,-27038.475877900186
12741,12537,-30475,-8238,9974,-11739,-7188,11714,22516,-25820,11,1,53288,2020-11-02 14:31:11,2020-11-02 14:31:41,1,D7:F2:3B:06:4D:C8,11,11,-4914.272577438826,-25172.330565998607,22270.391485349443
12742,-24071,-778,-23577,3566,11798,16623,-1858,27375,294,11,1,53313,2020-11-02 14:31:11,2020-11-02 14:31:41,1,D7:F2:3B:06:4D:C8,11,11,33576.988029683016,-778.0,-2806.0372154557595
12743,-10495,16632,-13064,-22797,-20987,-530,16826,28653,19241,11,1,53339,2020-11-02 14:31:11,2020-11-02 14:31:41,1,D7:F2:3B:06:4D:C8,11,11,21765.768804444204,-8110.458306788132,-4231.8222322464
12744,3083,-28933,-3080,1019,-19459,17391,6467,31469,-7892,11,1,53364,2020-11-02 14:31:11,2020-11-02 14:31:41,1,D7:F2:3B:06:4D:C8,11,11,2975.253761444705,-28769.86739894544,-4421.806520202528
12745,13587,-18180,29430,-15105,-31756,22499,-21441,24559,22577,11,1,53390,2020-11-02 14:31:11,2020-11-02 14:31:41,1,D7:F2:3B:06:4D:C8,11,11,-14240.749562920588,-20345.17514169513,27649.93253771024
12746,-500,-23554,-23056,5376,-12565,30676,27452,-13837,-7882,11,1,53415,2020-11-02 14:31:11,2020-11-02 14:31:41,1,D7:F2:3B:06:4D:C8,11,11,-17776.769248479053,23886.10764761746,-14144.270519640108
12747,6914,7166,18672,-14085,-3613,11210,3898,-10758,10300,11,1,53441,2020-11-02 14:31:11,2020-11-02 14:31:41,1,D7:F2:3B:06:4D:C8,11,11,-12500.801467921421,-6205.899337616649,15906.455044131702
12748,7158,-5,-30476,-9481,9438,19655,-7112,-31229,-20672,11,1,53467,2020-11-02 14:31:11,2020-11-02 14:31:41,1,D7:F2:3B:06:4D:C8,11,11,9998.386864460112,27331.867435712138,-11533.639823804531
12749,31722,18175,-1550,31733,17880,29137,-24776,-8692,7492,11,1,53492,2020-11-02 14:31:11,2020-11-02 14:31:41,1,D7:F2:3B:06:4D:C8,11,11,11555.797879196032,-1819.4634913527232,34672.34484396467
12750,6123,253,-2566,12023,25309,-19227,1080,-23276,32581,11,1,53518,2020-11-02 14:31:11,2020-11-02 14:31:41,1,D7:F2:3B:06:4D:C8,11,11,-1443.5412027982122,5771.818679906073,-2956.652147634416
12751,7669,-6663,14590,-9217,-30234,15859,18230,-11239,68,11,1,53543,2020-11-02 14:31:11,2020-11-02 14:31:41,1,D7:F2:3B:06:4D:C8,11,11,17088.997852617766,4537.379087255305,-1858.9172686710906
12752,-30464,-2310,-24583,-15354,-5143,-29445,18738,3613,-5570,11,1,53569,2020-11-02 14:31:11,2020-11-02 14:31:41,1,D7:F2:3B:06:4D:C8,11,11,-30464.0,5756.0358252827455,24010.998325310455
12753,19437,4605,4601,18443,-10264,13298,-20695,14112,-17100,11,1,53595,2020-11-02 14:31:11,2020-11-02 14:31:41,1,D7:F2:3B:06:4D:C8,11,11,1780.5627588300376,13285.415000484056,-15508.047573011274
12267,-27915,-29439,32758,-29711,-18446,11785,4152,26111,10547,11,-1,41161,2020-11-02 14:31:11,2020-11-02 14:31:41,1,D7:F2:3B:06:4D:C8,11,11,21235.853556762424,-21413.28154386669,-42538.19938877101
12268,28920,29441,-5131,-27657,-25112,8199,28214,513,21808,11,-1,41187,2020-11-02 14:31:11,2020-11-02 14:31:41,1,D7:F2:3B:06:4D:C8,11,11,-25366.889928447137,26976.821792221635,-18927.176845709524
12269,-24838,5632,-29964,-29442,-22307,2307,26933,-1021,-20948,11,-1,41212,2020-11-02 14:31:11,2020-11-02 14:31:41,1,D7:F2:3B:06:4D:C8,11,11,20869.771171280016,29599.510318143213,15323.465801983015
12270,18946,23551,14066,15113,-15653,-12547,6453,3592,-22488,11,-1,41238,2020-11-02 14:31:11,2020-11-02 14:31:41,1,D7:F2:3B:06:4D:C8,11,11,-18631.008658602463,-3553.2964515769045,27417.375397552027
12271,-23551,-23557,10482,-14572,-28179,8448,-29898,-1526,-5083,11,-1,41263,2020-11-02 14:31:11,2020-11-02 14:31:41,1,D7:F2:3B:06:4D:C8,11,11,-23551.0,-16733.674349976238,-19616.03211021401
12272,13307,-24840,26606,-14307,-11024,7420,-711,-1268,-27356,11,-1,41289,2020-11-02 14:31:11,2020-11-02 14:31:41,1,D7:F2:3B:06:4D:C8,11,11,10100.938320616851,26307.278347314717,26606.0
12273,5110,-28427,29673,-25821,-22544,-17934,-32705,-21233,4645,11,-1,41315,2020-11-02 14:31:11,2020-11-02 14:31:41,1,D7:F2:3B:06:4D:C8,11,11,-2399.845679832773,-36517.824948242436,19374.79186372101
12274,19969,1,5343,19746,11004,18159,29370,-32751,7720,11,-1,41366,2020-11-02 14:31:11,2020-11-02 14:31:41,1,D7:F2:3B:06:4D:C8,11,11,-466.2742284297824,8757.06021635593,-18719.110441231398
12275,-22775,7177,-23337,23,20754,15353,-3137,-27121,-9687,11,-1,41368,2020-11-02 14:31:11,2020-11-02 14:31:41,1,D7:F2:3B:06:4D:C8,11,11,4540.024591181089,6212.635037367365,32490.258010732177
12276,-16892,-25594,27612,-22010,-4840,-29708,-10559,-29173,-10711,11,-1,41391,2020-11-02 14:31:11,2020-11-02 14:31:41,1,D7:F2:3B:06:4D:C8,11,11,24214.00902836649,-20301.942612470346,26539.177397465566
12277,2544,15359,28132,-18182,2579,27117,5826,28679,2859,11,-1,41417,2020-11-02 14:31:11,2020-11-02 14:31:41,1,D7:F2:3B:06:4D:C8,11,11,-26247.089599602557,-15373.758628786987,10417.200879998092
12278,-25875,11521,1769,29425,22283,2549,-20800,-18428,22316,11,-1,41443,2020-11-02 14:31:11,2020-11-02 14:31:41,1,D7:F2:3B:06:4D:C8,11,11,-24257.17216282468,14726.611201869864,-308.13661263190306
12279,2041,29179,31212,8429,1542,-19212,11710,13315,-28371,11,-1,41468,2020-11-02 14:31:11,2020-11-02 14:31:41,1,D7:F2:3B:06:4D:C8,11,11,23173.908516588675,35165.44383609373,-7492.008400643764
12280,506,-19204,-8730,-11798,12037,-270,22715,9730,22831,11,-1,41494,2020-11-02 14:31:11,2020-11-02 14:31:41,1,D7:F2:3B:06:4D:C8,11,11,-8069.585057351427,-19298.13986706914,2779.5946958516784
12281,-4357,27643,-4122,2279,30469,10483,-30396,26113,22321,11,-1,41519,2020-11-02 14:31:11,2020-11-02 14:31:41,1,D7:F2:3B:06:4D:C8,11,11,14500.386734767062,-13980.160853066318,-19859.598914997838
12282,1788,-12037,-3864,15080,-21240,11764,-5568,-25856,22579,11,-1,41545,2020-11-02 14:31:11,2020-11-02 14:31:41,1,D7:F2:3B:06:4D:C8,11,11,5750.700465219209,11338.935539961882,1172.5160894064206
12283,22004,-5889,17643,-19736,-3579,6645,30269,3840,25653,11,-1,41570,2020-11-02 14:31:11,2020-11-02 14:31:41,1,D7:F2:3B:06:4D:C8,11,11,-2843.1902720239445,-26619.318700307973,10651.756991618922
12284,1524,-14591,-8724,23782,21247,20214,-15047,-25344,-6090,11,-1,41596,2020-11-02 14:31:11,2020-11-02 14:31:41,1,D7:F2:3B:06:4D:C8,11,11,4805.678888168726,-10928.2369187348,-12198.652436716568
12229,22011,-26360,-30730,28169,28632,-8474,-32733,5900,22313,11,1,40189,2020-11-02 14:31:11,2020-11-02 14:31:41,1,D7:F2:3B:06:4D:C8,11,11,13441.987292686543,-24128.810257349796,-36888.75322084042
12230,-11787,24840,-5898,-12279,-27941,-22299,-14816,7440,15906,11,1,40214,2020-11-02 14:31:11,2020-11-02 14:31:41,1,D7:F2:3B:06:4D:C8,11,11,23976.244105024096,-14661.6840272502,-959.2252610173814
12231,-2064,-28665,26364,21003,-20256,12261,-29668,5139,2330,11,1,40240,2020-11-02 14:31:11,2020-11-02 14:31:41,1,D7:F2:3B:06:4D:C8,11,11,-2064.0,-33412.25612352236,-20009.094475666367
12232,-16911,-31994,-18950,2060,-2840,-31509,5656,-12012,-8175,11,1,40266,2020-11-02 14:31:11,2020-11-02 14:31:41,1,D7:F2:3B:06:4D:C8,11,11,-13809.617622784763,-37707.79291122807,-7491.146232480754
12233,-4878,31491,-12034,4877,23537,-9231,-6124,-31979,-28405,11,1,40291,2020-11-02 14:31:11,2020-11-02 14:31:41,1,D7:F2:3B:06:4D:C8,11,11,16375.995605156873,-29498.93765439662,-4683.435299211908
12234,-3335,-3838,-1790,29712,254,23544,29460,4374,16904,11,1,40317,2020-11-02 14:31:11,2020-11-02 14:31:41,1,D7:F2:3B:06:4D:C8,11,11,3938.5834894538484,-1865.1443305052978,3172.5960541779505
12235,-17415,30719,12801,-17898,-16118,2301,17944,7191,8969,11,1,40342,2020-11-02 14:31:11,2020-11-02 14:31:41,1,D7:F2:3B:06:4D:C8,11,11,18235.87553682044,-31228.99235517752,10149.269278418917
12236,-9221,18177,26878,-4838,-25587,23288,-22498,-32488,4364,11,1,40368,2020-11-02 14:31:11,2020-11-02 14:31:41,1,D7:F2:3B:06:4D:C8,11,11,-30591.45607432749,-14202.070034073184,566.6356852263998
12237,6397,7171,28915,-19428,14100,16885,-4056,-3303,-25326,11,1,40394,2020-11-02 14:31:11,2020-11-02 14:31:41,1,D7:F2:3B:06:4D:C8,11,11,-9608.388936517678,153.98715727185572,28915.0
12238,21497,11012,18412,21018,28186,-27916,23094,27161,-25060,11,1,40419,2020-11-02 14:31:11,2020-11-02 14:31:41,1,D7:F2:3B:06:4D:C8,11,11,-5989.491782812107,-3371.0443940226487,29582.91643630078
12239,3321,-22267,9957,11542,17180,7670,17728,18966,-21981,11,1,40445,2020-11-02 14:31:11,2020-11-02 14:31:41,1,D7:F2:3B:06:4D:C8,11,11,7983.598246824592,-19709.629739230702,12400.920674519768
12240,-17158,-31736,-26910,-21747,-10212,-30477,-12219,1554,22055,11,1,40470,2020-11-02 14:31:11,2020-11-02 14:31:41,1,D7:F2:3B:06:4D:C8,11,11,18575.63527329557,8728.312569445456,40055.97450922344
12241,1526,-13820,-12828,-19453,-32230,-4370,6076,-25075,6698,11,1,40496,2020-11-02 14:31:11,2020-11-02 14:31:41,1,D7:F2:3B:06:4D:C8,11,11,-10928.126138092046,-10861.121771594611,10976.828001410197
12242,19692,2561,-1311,-32260,793,-273,8637,24073,29996,11,1,40522,2020-11-02 14:31:11,2020-11-02 14:31:41,1,D7:F2:3B:06:4D:C8,11,11,-1577.0057747266655,14098.1491013692,13957.34755252736
12243,-21778,18946,-16157,10738,3605,-26123,1724,-17915,-6611,11,1,40547,2020-11-02 14:31:11,2020-11-02 14:31:41,1,D7:F2:3B:06:4D:C8,11,11,28823.387873182284,-9824.212337235702,12921.997232045607
12244,-25358,-8453,26853,-8981,-6130,22262,11590,6147,18479,11,1,40573,2020-11-02 14:31:11,2020-11-02 14:31:41,1,D7:F2:3B:06:4D:C8,11,11,32225.459207921027,16517.314612195354,11147.335055535728
12245,20728,-24067,11495,21224,-5111,-24589,-5054,32001,7217,11,1,40598,2020-11-02 14:31:11,2020-11-02 14:31:41,1,D7:F2:3B:06:4D:C8,11,11,17472.86163790492,-17331.21219072741,23137.279187117318
12246,17649,-7172,5103,-29975,9734,-10252,-31681,-10240,15155,11,1,40624,2020-11-02 14:31:11,2020-11-02 14:31:41,1,D7:F2:3B:06:4D:C8,11,11,429.74421486115347,15708.518928609585,11917.34647391389
12247,-9487,-24831,15090,-22289,17665,9724,-17860,-13312,25396,11,1,40649,2020-11-02 14:31:11,2020-11-02 14:31:41,1,D7:F2:3B:06:4D:C8,11,11,10838.767916621595,-28316.95653189647,-3867.933921397843
12248,-13066,13827,-30991,-14096,26105,32255,26170,27137,21556,11,1,40675,2020-11-02 14:31:11,2020-11-02 14:31:41,1,D7:F2:3B:06:4D:C8,11,11,3467.2511684197602,32326.202546818153,-16289.35739178127
12249,-32262,-23547,28914,26864,-27664,26364,-969,7939,-27853,11,1,40701,2020-11-02 14:31:11,2020-11-02 14:31:41,1,D7:F2:3B:06:4D:C8,11,11,13310.902410643777,20612.571454492605,42769.83778374375
12250,-17162,29957,7669,-19213,-7191,22010,-27339,-2043,12594,11,1,40726,2020-11-02 14:31:11,2020-11-02 14:31:41,1,D7:F2:3B:06:4D:C8,11,11,30224.53656520399,-5041.424936491917,17658.739423536565
12251,6134,30213,30968,20988,-30490,-8708,-21965,7945,-9169,11,1,40752,2020-11-02 14:31:11,2020-11-02 14:31:41,1,D7:F2:3B:06:4D:C8,11,11,-35577.987701318416,8138.78713927519,-24029.8831463327
12644,12787,-31750,-26628,17179,20731,-3070,5390,-999,19984,11,-1,50806,2020-11-02 14:31:11,2020-11-02 14:31:41,1,D7:F2:3B:06:4D:C8,11,11,-8178.473798129111,33236.763310125665,-26628.0
12645,-16909,8957,18943,2330,32765,-19709,15634,21017,28432,11,-1,50832,2020-11-02 14:31:11,2020-11-02 14:31:41,1,D7:F2:3B:06:4D:C8,11,11,-26822.6883318496,998.66485354597,2127.307726388297
12646,-25352,-28418,20224,8218,-27905,25089,29974,-5096,-18928,11,-1,50857,2020-11-02 14:31:11,2020-11-02 14:31:41,1,D7:F2:3B:06:4D:C8,11,11,26697.486054600977,-7641.091344698239,32987.49407618536
12647,-25862,13822,-7170,18971,-28670,11261,-23270,13081,-10224,11,-1,50883,2020-11-02 14:31:11,2020-11-02 14:31:41,1,D7:F2:3B:06:4D:C8,11,11,10220.31586833168,-22595.66054484191,17212.811975206212
12648,-17157,-27139,-19461,2077,19465,9468,-13792,26,-9454,11,-1,50908,2020-11-02 14:31:11,2020-11-02 14:31:41,1,D7:F2:3B:06:4D:C8,11,11,-14657.087658217859,10978.087073391329,32776.05645266611
12649,-12294,-13571,31478,17950,29966,-30981,12586,28186,5912,11,-1,50934,2020-11-02 14:31:11,2020-11-02 14:31:41,1,D7:F2:3B:06:4D:C8,11,11,34077.175191179245,10548.94347636981,7324.266756613443
12650,18683,21501,25329,-14818,19729,25337,3893,-10215,-14050,11,-1,50959,2020-11-02 14:31:11,2020-11-02 14:31:41,1,D7:F2:3B:06:4D:C8,11,11,24219.618002478564,1253.971633389072,29406.51951450004
12651,-27140,25597,-6166,11294,277,2808,-194,-11241,-25308,11,-1,50985,2020-11-02 14:31:11,2020-11-02 14:31:41,1,D7:F2:3B:06:4D:C8,11,11,-13178.407673899996,-23902.242276249966,-26169.026545669258
12652,-6916,6654,19941,5403,-18664,-7433,10054,25364,-5337,11,-1,51011,2020-11-02 14:31:11,2020-11-02 14:31:41,1,D7:F2:3B:06:4D:C8,11,11,-7870.7672855010105,-13184.601364807659,-15936.359753362714
12653,-25090,9983,-14877,-22763,20506,-23562,10686,13584,16681,11,-1,51036,2020-11-02 14:31:11,2020-11-02 14:31:41,1,D7:F2:3B:06:4D:C8,11,11,-20769.846759524196,2339.4782034347354,22663.491022380822
12654,-24575,12541,1251,5136,21531,21234,23489,-20981,-727,11,-1,51062,2020-11-02 14:31:11,2020-11-02 14:31:41,1,D7:F2:3B:06:4D:C8,11,11,25783.839064368203,-7250.584727620339,6737.579031845103
12655,-31491,19708,-7458,-26104,-9186,-6160,19139,-26874,28202,11,-1,51087,2020-11-02 14:31:11,2020-11-02 14:31:41,1,D7:F2:3B:06:4D:C8,11,11,-32452.010261887943,-9334.541095961096,17188.46943419143
12476,2304,-14332,31475,-7662,28396,5626,20268,2060,21289,11,1,46508,2020-11-02 14:31:11,2020-11-02 14:31:41,1,D7:F2:3B:06:4D:C8,11,11,-3656.414058421065,-9324.138372660993,-33182.545786013034
12477,5371,-17152,29685,14359,1009,20473,30254,-1523,14631,11,1,46533,2020-11-02 14:31:11,2020-11-02 14:31:41,1,D7:F2:3B:06:4D:C8,11,11,-23694.8106184864,-4937.350914034229,24867.981134498023
12478,-18696,1022,-26378,-14821,4341,-28680,-21967,1552,-7643,11,1,46559,2020-11-02 14:31:11,2020-11-02 14:31:41,1,D7:F2:3B:06:4D:C8,11,11,-14085.214059070933,13174.222956443888,25969.797427089365
12479,-28936,-17160,-4110,16160,-16384,12030,30262,-3312,-1755,11,1,46585,2020-11-02 14:31:11,2020-11-02 14:31:41,1,D7:F2:3B:06:4D:C8,11,11,-28936.0,-8808.821871414462,15289.288970965596
12480,5628,2041,14569,-2524,-10487,-6397,15164,1040,29478,11,1,46610,2020-11-02 14:31:11,2020-11-02 14:31:41,1,D7:F2:3B:06:4D:C8,11,11,-11921.41832568033,-9395.58608968247,-4206.967213504101
12481,-24312,-14593,-23837,-9182,-32242,17922,-8895,-12275,-29146,11,1,46636,2020-11-02 14:31:11,2020-11-02 14:31:41,1,D7:F2:3B:06:4D:C8,11,11,29819.575430875262,2298.294802144979,-21857.317404584985
12482,-8438,9992,-5925,25113,24082,-32521,19642,11019,-28889,11,1,46661,2020-11-02 14:31:11,2020-11-02 14:31:41,1,D7:F2:3B:06:4D:C8,11,11,9127.337174851158,-1069.7365169818497,11031.451077751086
12483,-14329,-4091,-26405,16649,-8169,-7954,24509,30727,24873,11,1,46687,2020-11-02 14:31:11,2020-11-02 14:31:41,1,D7:F2:3B:06:4D:C8,11,11,2315.809547210106,29162.56454006879,-7966.329304477239
12484,24047,22782,8922,21756,32532,23015,9918,20227,6700,11,1,46712,2020-11-02 14:31:11,2020-11-02 14:31:41,1,D7:F2:3B:06:4D:C8,11,11,-15073.750917113608,-14589.167837207688,-27144.392277348954
12485,-30738,22525,25828,27376,-29949,-30488,-22596,12801,24367,11,1,46738,2020-11-02 14:31:11,2020-11-02 14:31:41,1,D7:F2:3B:06:4D:C8,11,11,-5392.334425571062,22296.24952155496,39913.479423815734
12486,-5378,-10501,-32282,20969,26361,12261,-13127,30977,11315,11,1,46789,2020-11-02 14:31:11,2020-11-02 14:31:41,1,D7:F2:3B:06:4D:C8,11,11,8291.561623365327,-33327.403717931,1362.1953853888206
12487,1286,-2830,24555,-13083,31736,18651,6211,-254,5432,11,1,46791,2020-11-02 14:31:11,2020-11-02 14:31:41,1,D7:F2:3B:06:4D:C8,11,11,1286.0,-22191.37555756473,10885.760233585825
12488,-19965,-28686,6636,-18712,22781,3545,30784,-6396,-10435,11,1,46815,2020-11-02 14:31:11,2020-11-02 14:31:41,1,D7:F2:3B:06:4D:C8,11,11,-20683.00523886745,28929.058143641807,-920.438053740394
12489,1775,-1292,5867,-8214,-7932,30942,-21954,14342,31555,11,1,46840,2020-11-02 14:31:11,2020-11-02 14:31:41,1,D7:F2:3B:06:4D:C8,11,11,359.82174541256006,6211.542027675995,727.2220774584905
12490,-23580,-19464,-11533,-29716,23807,-27928,-6596,31239,2747,11,1,46866,2020-11-02 14:31:11,2020-11-02 14:31:41,1,D7:F2:3B:06:4D:C8,11,11,-16419.04022159163,-20221.12894920694,-19733.09015895131
12491,-5404,8954,3067,14578,18163,-7184,14651,-3575,12989,11,1,46892,2020-11-02 14:31:11,2020-11-02 14:31:41,1,D7:F2:3B:06:4D:C8,11,11,8172.924768788703,-2202.6491586176667,6865.526812107069
12492,-5915,-9990,-9991,3580,-792,-22793,3386,29197,12989,11,1,46917,2020-11-02 14:31:11,2020-11-02 14:31:41,1,D7:F2:3B:06:4D:C8,11,11,5795.176631301277,11343.257683571697,-8506.105979595557
12493,-20759,6137,-2825,-1789,7137,-6661,-8904,-26607,7355,11,1,46943,2020-11-02 14:31:11,2020-11-02 14:31:41,1,D7:F2:3B:06:4D:C8,11,11,3805.739758061423,7664.411675081037,20083.640446114143
12494,15599,766,-4111,-32244,-18212,23549,-5834,8726,26691,11,1,46968,2020-11-02 14:31:11,2020-11-02 14:31:41,1,D7:F2:3B:06:4D:C8,11,11,-6237.5757204079955,-2562.8601949994313,-14674.47698396996
12495,8942,-5118,-22803,11537,-22300,-21246,-29133,-31719,-12996,11,1,46994,2020-11-02 14:31:11,2020-11-02 14:31:41,1,D7:F2:3B:06:4D:C8,11,11,22047.033488068813,-882.5162607250659,-11801.676848038509
12496,-28943,-23040,9968,-19951,-18969,9991,-18899,-5350,-30413,11,1,47019,2020-11-02 14:31:11,2020-11-02 14:31:41,1,D7:F2:3B:06:4D:C8,11,11,-31431.451656844198,-20884.95020920517,-6616.8402204139
12497,19699,-16129,8438,-24303,27623,-10749,28710,16411,-8664,11,1,47045,2020-11-02 14:31:11,2020-11-02 14:31:41,1,D7:F2:3B:06:4D:C8,11,11,7304.122772678437,-4867.6300542277695,-25344.645473488454
12498,20719,-27140,-8711,6164,12517,-9220,-10210,15131,-20451,11,1,47071,2020-11-02 14:31:11,2020-11-02 14:31:41,1,D7:F2:3B:06:4D:C8,11,11,-10889.350758664532,20663.94758883694,-26384.870515137496
12499,-13585,31226,-16901,-3304,-1566,-5131,-29674,-17126,4881,11,1,47096,2020-11-02 14:31:11,2020-11-02 14:31:41,1,D7:F2:3B:06:4D:C8,11,11,-17214.743347628624,25064.414569356406,-22818.56340286808
12500,28154,-15875,6649,-1764,15600,8440,11026,-10215,-16121,11,1,47122,2020-11-02 14:31:11,2020-11-02 14:31:41,1,D7:F2:3B:06:4D:C8,11,11,-22636.84233859824,-15406.539815364657,18414.245622751696
12501,-3581,-27903,-24586,2845,-15612,4607,12565,-7399,11270,11,1,47147,2020-11-02 14:31:11,2020-11-02 14:31:41,1,D7:F2:3B:06:4D:C8,11,11,-22744.53179717963,27445.502239560752,-11193.88431891945
12502,30211,-30462,26101,7963,-241,-5635,-18403,-14054,-17398,11,1,47173,2020-11-02 14:31:11,2020-11-02 14:31:41,1,D7:F2:3B:06:4D:C8,11,11,-2169.183211915315,-34491.816888935005,36435.002098165474
11965,27642,2046,-26119,28677,-14358,-20221,19510,-27119,9009,11,-1,33435,2020-11-02 14:31:11,2020-11-02 14:31:41,1,D7:F2:3B:06:4D:C8,11,11,-468.0637891037522,2344.107606326233,-38009.92655635226
11966,32511,25338,-32260,-24305,-25366,6650,-16075,14100,4910,11,-1,33461,2020-11-02 14:31:11,2020-11-02 14:31:41,1,D7:F2:3B:06:4D:C8,11,11,-22272.13658638836,-39878.26353382799,-25560.96622594353
11967,16884,2286,25595,14364,24042,-24341,1081,5400,-20179,11,-1,33486,2020-11-02 14:31:11,2020-11-02 14:31:41,1,D7:F2:3B:06:4D:C8,11,11,-16392.432974177063,-4645.793063311417,25595.0
11968,20194,-21024,-5645,5673,-8219,24030,-27462,2077,-9418,11,-1,33512,2020-11-02 14:31:11,2020-11-02 14:31:41,1,D7:F2:3B:06:4D:C8,11,11,26069.420604810162,-7259.46829404848,-12221.197421578792
11969,15089,22524,-4136,-8662,-9485,22755,-6699,26908,31935,11,-1,33537,2020-11-02 14:31:11,2020-11-02 14:31:41,1,D7:F2:3B:06:4D:C8,11,11,10083.365055701066,-3453.891382784513,25268.782647159584
11970,25346,-23289,7896,12066,26901,22785,-9513,-14310,-26181,11,-1,33563,2020-11-02 14:31:11,2020-11-02 14:31:41,1,D7:F2:3B:06:4D:C8,11,11,25572.21602777744,-20522.30139924276,13116.43875857016
11971,-19709,13576,9433,28687,2843,2038,-6703,-6376,8510,11,-1,33589,2020-11-02 14:31:11,2020-11-02 14:31:41,1,D7:F2:3B:06:4D:C8,11,11,-15728.523136465537,3771.303636524917,-20003.11912744616
11972,24296,-6142,12007,20734,-27883,-1811,13519,-15596,18490,11,-1,33614,2020-11-02 14:31:11,2020-11-02 14:31:41,1,D7:F2:3B:06:4D:C8,11,11,1664.047439783014,8209.284387121257,26495.781267392715
11973,-28952,-25347,2799,19703,7433,-5390,-29747,-20975,-30919,11,-1,33640,2020-11-02 14:31:11,2020-11-02 14:31:41,1,D7:F2:3B:06:4D:C8,11,11,18540.022568367687,27865.763006033136,19190.881409044552
11974,-30988,5889,25834,9201,20993,26610,24524,-12785,-20678,11,-1,33665,2020-11-02 14:31:11,2020-11-02 14:31:41,1,D7:F2:3B:06:4D:C8,11,11,-29763.6028648984,-20103.352626456057,-19295.4704186494
11975,-17173,-31495,14827,-22295,-28927,4339,24266,10254,23356,11,-1,33691,2020-11-02 14:31:11,2020-11-02 14:31:41,1,D7:F2:3B:06:4D:C8,11,11,22357.51919751388,-22776.004605976374,22092.57414882525
11976,27122,28656,4333,-7961,-253,-13834,14023,-4084,24381,11,-1,33717,2020-11-02 14:31:11,2020-11-02 14:31:41,1,D7:F2:3B:06:4D:C8,11,11,-29734.861605834438,-10155.882732596827,24253.662820357968
11977,-21012,32244,22256,-17690,20744,7416,-15933,25099,9022,11,-1,33742,2020-11-02 14:31:11,2020-11-02 14:31:41,1,D7:F2:3B:06:4D:C8,11,11,17458.558766204376,39810.963859518175,9316.388698585208
11978,1512,17909,-17681,14310,-1530,7420,6336,-1783,-29890,11,-1,33768,2020-11-02 14:31:11,2020-11-02 14:31:41,1,D7:F2:3B:06:4D:C8,11,11,-23116.838647814053,8415.02628002029,5516.8187968700395
11979,-17685,-15371,15087,-10268,-20222,511,9916,24841,-18370,11,-1,33793,2020-11-02 14:31:11,2020-11-02 14:31:41,1,D7:F2:3B:06:4D:C8,11,11,-17990.904361426245,18648.00287497334,-10257.864496716666
11980,-2328,14838,-24337,9441,22013,-22016,24900,29193,-16834,11,-1,33819,2020-11-02 14:31:11,2020-11-02 14:31:41,1,D7:F2:3B:06:4D:C8,11,11,-23425.080232863264,16380.51907907127,-905.3219229097432
11981,1521,30455,-30220,-23837,-19981,-7678,-27073,-16886,5438,11,-1,33844,2020-11-02 14:31:11,2020-11-02 14:31:41,1,D7:F2:3B:06:4D:C8,11,11,-39552.28062900009,2963.854934804287,-16428.680013021774
11982,24819,1274,17915,-13846,-27154,6914,11835,-10228,-24004,11,-1,33870,2020-11-02 14:31:11,2020-11-02 14:31:41,1,D7:F2:3B:06:4D:C8,11,11,500.9958929950772,25152.971748830103,17482.278950919317
11983,-25356,12797,-27137,-22027,6632,-19457,-30153,-31985,16186,11,-1,33896,2020-11-02 14:31:11,2020-11-02 14:31:41,1,D7:F2:3B:06:4D:C8,11,11,-25794.77167942473,-14891.93950546245,25611.84502865802
12218,5371,22015,-6685,-10009,18699,16112,13121,18943,3375,11,1,39907,2020-11-02 14:31:11,2020-11-02 14:31:41,1,D7:F2:3B:06:4D:C8,11,11,-2099.695952542761,-3082.819308255657,-23329.90769419205
12219,12541,-5891,-10778,17892,-22263,-17171,2109,-18178,3890,11,1,39933,2020-11-02 14:31:11,2020-11-02 14:31:41,1,D7:F2:3B:06:4D:C8,11,11,-10894.504452996936,-5891.0,12439.925149438395
12220,12022,29185,-23317,8166,29196,-8463,-11976,32510,6453,11,1,39959,2020-11-02 14:31:11,2020-11-02 14:31:41,1,D7:F2:3B:06:4D:C8,11,11,38625.47698219653,-1564.1528119729594,6752.862495164811
12221,-23819,17926,21487,-30232,16651,18937,565,3326,24887,11,1,39984,2020-11-02 14:31:11,2020-11-02 14:31:41,1,D7:F2:3B:06:4D:C8,11,11,29135.578936240294,6309.063088138432,21487.0
12222,25082,20999,-12304,30951,11014,11003,19249,-8963,-8904,11,1,40010,2020-11-02 14:31:11,2020-11-02 14:31:41,1,D7:F2:3B:06:4D:C8,11,11,-15595.345682693227,-10974.376571244517,29288.246668413278
12223,31485,-18937,16891,-15386,-3585,-19207,24877,24830,-22983,11,1,40035,2020-11-02 14:31:11,2020-11-02 14:31:41,1,D7:F2:3B:06:4D:C8,11,11,-3962.166486261269,-33906.278598161174,21676.86747108598
12224,11005,27146,-29951,-4883,-23815,-23817,5162,-18177,26681,11,1,40061,2020-11-02 14:31:11,2020-11-02 14:31:41,1,D7:F2:3B:06:4D:C8,11,11,24902.775206315062,-12697.312906997857,31204.29095437878
12225,25085,-22001,-9988,18166,18932,-30730,8744,23297,26680,11,1,40087,2020-11-02 14:31:11,2020-11-02 14:31:41,1,D7:F2:3B:06:4D:C8,11,11,-3745.709018620281,991.085788152448,34612.841300713066
12226,25847,16651,-22016,13817,-13840,30708,-19930,30467,-25290,11,1,40112,2020-11-02 14:31:11,2020-11-02 14:31:41,1,D7:F2:3B:06:4D:C8,11,11,22222.90043611747,4242.245417530501,30301.37812086855
12227,-19213,-25593,-2557,-23040,-4375,13044,-16603,-23547,-3021,11,1,40138,2020-11-02 14:31:11,2020-11-02 14:31:41,1,D7:F2:3B:06:4D:C8,11,11,30975.8010003988,8325.372467357749,-1366.4525836831372
12228,29686,26630,-31744,-7419,-26913,27630,37,21256,-27601,11,1,40163,2020-11-02 14:31:11,2020-11-02 14:31:41,1,D7:F2:3B:06:4D:C8,11,11,1984.3640131746515,-43038.3939180824,27237.03325281932
12883,-29705,8187,5879,-15335,-25081,27656,12090,24858,14899,11,-1,56920,2020-11-02 14:31:11,2020-11-02 14:31:41,1,D7:F2:3B:06:4D:C8,11,11,1452.7886876283026,17858.448160751246,-25747.65755013181
12884,-775,10490,-12814,3102,-24051,-17911,-23491,7960,12594,11,-1,56946,2020-11-02 14:31:11,2020-11-02 14:31:41,1,D7:F2:3B:06:4D:C8,11,11,-8121.999235366155,10920.105631674782,9466.981695016442
12885,9212,12794,-15634,9248,786,27914,25153,15381,-6352,11,-1,56972,2020-11-02 14:31:11,2020-11-02 14:31:41,1,D7:F2:3B:06:4D:C8,11,11,-18800.818578510112,-8095.881370506723,-8599.724507949722
12886,-2048,-10502,-28183,3105,-24811,-4086,2117,-9199,5423,11,-1,56997,2020-11-02 14:31:11,2020-11-02 14:31:41,1,D7:F2:3B:06:4D:C8,11,11,22608.637642422997,-10502.0,-16950.672463168354
12887,-18938,2302,31972,11038,19481,-4855,-13125,8462,-8404,11,-1,57023,2020-11-02 14:31:11,2020-11-02 14:31:41,1,D7:F2:3B:06:4D:C8,11,11,11127.888884487431,34703.33457886941,7616.067888454507
12888,-23287,-19199,-11040,8983,-5862,14083,-15938,8202,-3286,11,-1,57048,2020-11-02 14:31:11,2020-11-02 14:31:41,1,D7:F2:3B:06:4D:C8,11,11,5973.982551194934,-2049.0404772869388,31510.006912097913
12889,24578,18433,-19234,16654,-24294,-7687,6849,-2811,4650,11,-1,57074,2020-11-02 14:31:11,2020-11-02 14:31:41,1,D7:F2:3B:06:4D:C8,11,11,24578.0,26144.245325862506,5118.660111896154
12890,28405,5630,17377,-7931,16917,-9228,26818,258,9514,11,-1,57099,2020-11-02 14:31:11,2020-11-02 14:31:41,1,D7:F2:3B:06:4D:C8,11,11,7377.7629489395595,29019.15586799955,-15619.163248330618
12891,1525,28157,-7197,30463,20749,13046,-23870,9983,-21974,11,-1,57125,2020-11-02 14:31:11,2020-11-02 14:31:41,1,D7:F2:3B:06:4D:C8,11,11,-24314.935216786303,9622.91335830438,12771.943740169398
12892,6140,20221,-6169,23035,-32759,-27912,2498,15613,16939,11,-1,57151,2020-11-02 14:31:11,2020-11-02 14:31:41,1,D7:F2:3B:06:4D:C8,11,11,-14989.231887116091,-15838.952590968918,-3015.8763660503637
12893,15871,-9478,10210,-30471,29706,7672,3521,29179,-13781,11,-1,57176,2020-11-02 14:31:11,2020-11-02 14:31:41,1,D7:F2:3B:06:4D:C8,11,11,-6417.480901280312,8753.163090187787,18115.27807675821
12894,2556,766,229,-5647,5,1528,1727,1018,-23252,11,-1,57202,2020-11-02 14:31:11,2020-11-02 14:31:41,1,D7:F2:3B:06:4D:C8,11,11,-2250.423806333265,1433.6961644255375,229.0
12895,27135,-7172,30441,1775,9980,-31245,7868,-8711,19246,11,-1,57227,2020-11-02 14:31:11,2020-11-02 14:31:41,1,D7:F2:3B:06:4D:C8,11,11,-1678.7388031858136,30027.67204977833,28459.1116744996
12006,-31748,-6141,-30475,8711,-19986,10247,2358,14,23848,11,1,34484,2020-11-02 14:31:11,2020-11-02 14:31:41,1,D7:F2:3B:06:4D:C8,11,11,16104.353551491962,28040.991096759546,-30475.0
12007,-19202,17411,30197,28427,15344,-13568,-2763,30991,-16091,11,1,34510,2020-11-02 14:31:11,2020-11-02 14:31:41,1,D7:F2:3B:06:4D:C8,11,11,30148.692516820294,24037.49746291822,-9847.51690764854
12008,1533,-17917,21234,-17649,20470,-4355,12343,3345,22308,11,1,34535,2020-11-02 14:31:11,2020-11-02 14:31:41,1,D7:F2:3B:06:4D:C8,11,11,154.88436388229817,11949.64754656771,-25128.343923677763
12009,-7171,11009,-22542,-23790,-5637,32254,-29383,-10735,-8669,11,1,34561,2020-11-02 14:31:11,2020-11-02 14:31:41,1,D7:F2:3B:06:4D:C8,11,11,16831.199602989753,19574.119486316093,-3785.188536881452
12010,7422,-24578,-10256,4374,28669,-20233,19005,-28654,-24540,11,1,34586,2020-11-02 14:31:11,2020-11-02 14:31:41,1,D7:F2:3B:06:4D:C8,11,11,-25076.098155879263,-10405.836621131824,-5220.878229859434
12011,32513,-27644,-19485,14357,31236,12787,-23230,-10734,14119,11,1,34612,2020-11-02 14:31:11,2020-11-02 14:31:41,1,D7:F2:3B:06:4D:C8,11,11,-40015.665325433874,8579.953812772828,22936.47861232308
12012,6151,26374,7900,-13814,-11760,8432,-23366,-5872,25386,11,1,34637,2020-11-02 14:31:11,2020-11-02 14:31:41,1,D7:F2:3B:06:4D:C8,11,11,-11605.515173793932,22083.67566971209,13170.268162258692
12013,-16141,6402,-32030,32509,-17394,-13337,26813,-8435,10030,11,1,34663,2020-11-02 14:31:11,2020-11-02 14:31:41,1,D7:F2:3B:06:4D:C8,11,11,11891.011335142819,-34090.303089382796,-4888.094690318761
12014,27885,26112,24556,31474,6915,17128,9918,-1781,14642,11,1,34689,2020-11-02 14:31:11,2020-11-02 14:31:41,1,D7:F2:3B:06:4D:C8,11,11,-5644.002955289299,28083.51290934545,35240.153778201835
12015,-25865,-3078,-26125,1005,-27910,-11545,-30019,-18933,22326,11,1,34714,2020-11-02 14:31:11,2020-11-02 14:31:41,1,D7:F2:3B:06:4D:C8,11,11,-30209.698207980666,-20116.911676109496,6608.474316991704
12016,14603,4857,-4367,-31764,28152,3808,13757,7436,27963,11,1,34740,2020-11-02 14:31:11,2020-11-02 14:31:41,1,D7:F2:3B:06:4D:C8,11,11,-7110.462576621898,-11215.427282734887,-8919.880033506357
12017,6119,31731,-20501,15078,17651,18650,-23875,23308,-14014,11,1,34765,2020-11-02 14:31:11,2020-11-02 14:31:41,1,D7:F2:3B:06:4D:C8,11,11,8696.195790061902,31558.53914776377,-19824.840696458854
12018,7921,-20756,11762,24801,-12809,24550,15548,-27635,-9541,11,1,34791,2020-11-02 14:31:11,2020-11-02 14:31:41,1,D7:F2:3B:06:4D:C8,11,11,-14247.667850164982,18381.166236530367,9541.232080628337
12312,-16143,-19450,20727,-32504,-30756,24811,-20436,-6385,31803,11,-1,42312,2020-11-02 14:31:11,2020-11-02 14:31:41,1,D7:F2:3B:06:4D:C8,11,11,23037.871469193746,312.9577437730495,-23187.626304120076
12313,19949,-9468,-29194,-10230,-29479,-17947,-22999,31253,22837,11,-1,42338,2020-11-02 14:31:11,2020-11-02 14:31:41,1,D7:F2:3B:06:4D:C8,11,11,1719.7880958094008,-28813.84097177751,22510.00129628224
12314,-4118,-17920,10488,-25843,13019,8418,-21471,-31206,6442,11,-1,42363,2020-11-02 14:31:11,2020-11-02 14:31:41,1,D7:F2:3B:06:4D:C8,11,11,-20874.143376876083,3064.4810900636908,1720.918920304613
12315,-4887,6909,-12296,-30958,-23842,-32030,10000,-29156,-236,11,-1,42389,2020-11-02 14:31:11,2020-11-02 14:31:41,1,D7:F2:3B:06:4D:C8,11,11,-2182.0051809318898,14079.675860440871,4450.870370534842
12316,18920,-21510,28924,-31978,6631,-19990,6148,11802,-8700,11,-1,42415,2020-11-02 14:31:11,2020-11-02 14:31:41,1,D7:F2:3B:06:4D:C8,11,11,-35728.526607995285,-10912.577698088326,-16175.052098987451
12317,19951,-22792,-25089,-3046,498,21238,-21502,-15081,4351,11,-1,42440,2020-11-02 14:31:11,2020-11-02 14:31:41,1,D7:F2:3B:06:4D:C8,11,11,-33812.27468052083,19023.34910030334,6466.672709902521
12318,-1800,-15110,27135,-11490,-2307,8188,25349,-4330,1789,11,-1,42466,2020-11-02 14:31:11,2020-11-02 14:31:41,1,D7:F2:3B:06:4D:C8,11,11,-1800.0,30412.39082142981,-6301.333948031317
12319,19198,-13318,21246,-24032,4103,28667,-19959,-19433,20732,11,-1,42492,2020-11-02 14:31:11,2020-11-02 14:31:41,1,D7:F2:3B:06:4D:C8,11,11,13855.981287451628,-18321.666087584217,21671.483067313522
12320,7167,17147,-20487,-3806,24591,-8457,10255,-9703,-25092,11,-1,42517,2020-11-02 14:31:11,2020-11-02 14:31:41,1,D7:F2:3B:06:4D:C8,11,11,-20741.445600943207,-16532.86526856167,7845.984157178828
12321,-27649,25339,-22546,-25565,-28651,6644,8984,-228,23808,11,-1,42542,2020-11-02 14:31:11,2020-11-02 14:31:41,1,D7:F2:3B:06:4D:C8,11,11,42791.67285989192,-424.8188833205368,9140.37749594421
12322,-14081,-27141,30439,-19935,11547,9455,-25297,21279,-4590,11,-1,42568,2020-11-02 14:31:11,2020-11-02 14:31:41,1,D7:F2:3B:06:4D:C8,11,11,8233.666129765477,-5295.769640818738,42019.07577487795
12323,29689,-31492,-15136,28189,-4064,-15124,27323,-1253,1319,11,-1,42594,2020-11-02 14:31:11,2020-11-02 14:31:41,1,D7:F2:3B:06:4D:C8,11,11,29689.0,9129.582339256069,33726.774027628904
12324,26610,13310,-27427,-31210,-28896,10221,-30270,19734,-29654,11,-1,42619,2020-11-02 14:31:11,2020-11-02 14:31:41,1,D7:F2:3B:06:4D:C8,11,11,-36113.79680261883,-16055.84694746785,-8688.612564652925
12325,29166,2820,-4642,22796,4126,-4111,7365,-8688,-20950,11,-1,42645,2020-11-02 14:31:11,2020-11-02 14:31:41,1,D7:F2:3B:06:4D:C8,11,11,-14947.08066260337,-7615.303129562216,24469.328922357243
12326,-13326,7938,21475,-21504,26904,-12305,-23611,12044,27946,11,-1,42670,2020-11-02 14:31:11,2020-11-02 14:31:41,1,D7:F2:3B:06:4D:C8,11,11,-15079.013387806905,15343.409421220142,15458.747930642805
12327,6646,9470,21221,-20232,-11496,-15378,5573,-19193,-5590,11,-1,42696,2020-11-02 14:31:11,2020-11-02 14:31:41,1,D7:F2:3B:06:4D:C8,11,11,-9574.197823445003,9470.0,-20070.747196792174
12328,-785,31733,-20506,5364,-3811,23538,-32317,-13054,-1238,11,-1,42722,2020-11-02 14:31:11,2020-11-02 14:31:41,1,D7:F2:3B:06:4D:C8,11,11,-22053.650645133574,28665.15330754688,-10956.323702649246
12329,25330,-9993,5862,10483,25113,-29964,-25663,18174,2091,11,-1,42747,2020-11-02 14:31:11,2020-11-02 14:31:41,1,D7:F2:3B:06:4D:C8,11,11,-26684.48581707261,2095.4844757949995,7705.78707791439
12788,19187,9217,14826,28960,-22006,-9206,-11461,11281,-21724,11,1,54490,2020-11-02 14:31:11,2020-11-02 14:31:41,1,D7:F2:3B:06:4D:C8,11,11,3219.687834910411,-9284.16721946051,-24007.12776003878
12789,-21764,14083,-16921,-19685,12292,7173,-13505,-10737,-16349,11,1,54516,2020-11-02 14:31:11,2020-11-02 14:31:41,1,D7:F2:3B:06:4D:C8,11,11,-16444.564751375874,15124.03001050663,-21428.085130946743
12790,9473,-31998,-17689,-235,28678,-4608,22595,-5874,-31709,11,1,54541,2020-11-02 14:31:11,2020-11-02 14:31:41,1,D7:F2:3B:06:4D:C8,11,11,-34420.62499436301,4115.0316553981565,14993.249930302085
12791,-15614,-22017,28394,7442,-31731,3328,-19271,11789,-27869,11,1,54567,2020-11-02 14:31:11,2020-11-02 14:31:41,1,D7:F2:3B:06:4D:C8,11,11,-8914.859495827593,-29154.783717713868,24602.609364516167
12792,-3327,-23298,4075,-31728,19219,-10754,18108,30474,32547,11,1,54592,2020-11-02 14:31:11,2020-11-02 14:31:41,1,D7:F2:3B:06:4D:C8,11,11,23289.962932393068,551.608036232607,-5267.325049977522
12793,24320,2048,14312,-8690,-13802,-18435,-29250,7687,14115,11,1,54618,2020-11-02 14:31:11,2020-11-02 14:31:41,1,D7:F2:3B:06:4D:C8,11,11,4373.4961095490335,22026.78117310809,-17209.98230480701
12794,-18687,8450,28644,-18422,20249,15868,19648,23555,-21470,11,1,54644,2020-11-02 14:31:11,2020-11-02 14:31:41,1,D7:F2:3B:06:4D:C8,11,11,-34196.08291622901,7658.569773429798,3613.782950302573
12795,-4608,-9217,30176,-7932,-10473,-23562,21185,26623,27938,11,1,54669,2020-11-02 14:31:11,2020-11-02 14:31:41,1,D7:F2:3B:06:4D:C8,11,11,-13707.403693557408,-23315.64221080203,16889.80879938299
12796,-7938,-18692,-2081,-20483,-28400,238,13761,-10501,-31709,11,1,54695,2020-11-02 14:31:11,2020-11-02 14:31:41,1,D7:F2:3B:06:4D:C8,11,11,-6639.965181170177,11646.391334912718,-15394.989453290242
12797,-9732,506,-23324,24311,-19450,-27161,-32321,21753,21542,11,1,54720,2020-11-02 14:31:11,2020-11-02 14:31:41,1,D7:F2:3B:06:4D:C8,11,11,-11858.189824700747,-21046.679723330803,7442.94583514484
12194,21753,31236,-3331,5352,14073,17905,-22483,-26363,27452,11,-1,39294,2020-11-02 14:31:11,2020-11-02 14:31:41,1,D7:F2:3B:06:4D:C8,11,11,-13915.420674961724,31916.858995769864,-15736.945233525845
12195,27893,19716,-22273,-9489,-26634,6644,-26838,-1785,2620,11,-1,39319,2020-11-02 14:31:11,2020-11-02 14:31:41,1,D7:F2:3B:06:4D:C8,11,11,27893.0,3969.024349046513,29479.722364986337
12196,-11018,4614,-5373,9720,2036,-7180,23848,1290,-15302,11,-1,39345,2020-11-02 14:31:11,2020-11-02 14:31:41,1,D7:F2:3B:06:4D:C8,11,11,-1854.7308244254612,12965.878949409274,20.140461549406158
12197,12276,22278,17665,-3330,27630,18415,-13530,-22772,-20680,11,-1,39396,2020-11-02 14:31:11,2020-11-02 14:31:41,1,D7:F2:3B:06:4D:C8,11,11,9132.85684238912,-5558.618886474082,29064.658383875078
12198,1010,-1275,7168,3075,-19995,27882,-20188,5392,-10700,11,-1,39398,2020-11-02 14:31:11,2020-11-02 14:31:41,1,D7:F2:3B:06:4D:C8,11,11,2459.0325042772242,378.6475565030088,-6916.3382053556625
12199,-1039,-14588,32000,-16124,-29475,-11292,11808,-12269,-14803,11,-1,39422,2020-11-02 14:31:11,2020-11-02 14:31:41,1,D7:F2:3B:06:4D:C8,11,11,-31176.596649318475,-12788.830855217768,10117.059440486357
12200,-4881,11266,-30469,-23801,-14117,7393,-7913,-32490,23330,11,-1,39447,2020-11-02 14:31:11,2020-11-02 14:31:41,1,D7:F2:3B:06:4D:C8,11,11,2368.8166097503035,32654.583167485587,-2678.392060012537
12201,-10260,6145,-13315,-1020,17632,-23078,-13556,-12266,12052,11,-1,39473,2020-11-02 14:31:11,2020-11-02 14:31:41,1,D7:F2:3B:06:4D:C8,11,11,11539.952137167576,10023.550339486012,-9309.983526498387
12202,-9498,12290,-6141,6,11235,-22557,15108,19220,-8440,11,-1,39498,2020-11-02 14:31:11,2020-11-02 14:31:41,1,D7:F2:3B:06:4D:C8,11,11,6522.488785183195,-9289.122274668396,-12253.05400352985
12203,12015,19967,5639,17676,-4625,17140,2050,-32751,1796,11,-1,39524,2020-11-02 14:31:11,2020-11-02 14:31:41,1,D7:F2:3B:06:4D:C8,11,11,8815.575143166101,19967.0,-9921.904096250477
12204,18422,-31492,7178,-19183,29176,28667,22019,5392,30722,11,-1,39549,2020-11-02 14:31:11,2020-11-02 14:31:41,1,D7:F2:3B:06:4D:C8,11,11,34150.50563970393,-9108.949649476552,-11550.317434419336
12576,7415,22010,-28440,-5141,-16891,-12566,19524,20223,-972,11,1,49066,2020-11-02 14:31:11,2020-11-02 14:31:41,1,D7:F2:3B:06:4D:C8,11,11,-2929.1799824908558,-17776.28182095318,-31994.993893611292
12577,-13064,4090,-8727,-20,-10235,9450,17729,11007,-31944,11,1,49092,2020-11-02 14:31:11,2020-11-02 14:31:41,1,D7:F2:3B:06:4D:C8,11,11,2899.552409952197,-130.66179101620034,15972.85974139599
12578,-9484,30462,-21780,17902,-13048,19441,26430,-10498,30523,11,1,49117,2020-11-02 14:31:11,2020-11-02 14:31:41,1,D7:F2:3B:06:4D:C8,11,11,-34248.42493139379,-12524.7723275504,-12744.550516268198
12579,8176,-12289,-6926,-23055,-17917,23544,-4805,-18690,17469,11,1,49143,2020-11-02 14:31:11,2020-11-02 14:31:41,1,D7:F2:3B:06:4D:C8,11,11,8779.784040611523,11161.697531415446,8010.485217352159
12580,-13841,26878,9719,-27914,249,7930,12346,-27649,-4547,11,1,49169,2020-11-02 14:31:11,2020-11-02 14:31:41,1,D7:F2:3B:06:4D:C8,11,11,24482.49594286285,-20022.656364032893,-2856.527706072051
12581,6646,13825,9199,15866,32494,-11784,11065,-2559,-23235,11,1,49194,2020-11-02 14:31:11,2020-11-02 14:31:41,1,D7:F2:3B:06:4D:C8,11,11,-4139.012787002819,5206.854786464927,16603.577276650187
12582,-10762,-20474,24044,-14089,-13338,21751,-3017,-31995,-20676,11,1,49220,2020-11-02 14:31:11,2020-11-02 14:31:41,1,D7:F2:3B:06:4D:C8,11,11,-22692.707741838043,17446.19778420635,17140.316631202506
12583,-31749,-32250,1263,-4616,27104,5113,3638,-14327,-28358,11,1,49245,2020-11-02 14:31:11,2020-11-02 14:31:41,1,D7:F2:3B:06:4D:C8,11,11,16521.452427170098,30209.92318553769,-29394.87745884761
12584,-4869,12043,3052,16380,18919,-20745,12596,-17395,8760,11,1,49271,2020-11-02 14:31:11,2020-11-02 14:31:41,1,D7:F2:3B:06:4D:C8,11,11,8418.677783151314,-1300.6774292983102,-10270.823560376666
12585,27125,14855,-25354,30972,2541,-15878,14130,30736,-3019,11,1,49296,2020-11-02 14:31:11,2020-11-02 14:31:41,1,D7:F2:3B:06:4D:C8,11,11,-15376.038936077715,16872.465702830534,32835.33605345055
12586,20978,-21756,23802,26882,-30231,14840,16176,6931,11315,11,1,49322,2020-11-02 14:31:11,2020-11-02 14:31:41,1,D7:F2:3B:06:4D:C8,11,11,3220.1354483635805,-18285.60811814686,-33692.76609962076
12754,18155,31481,28671,21518,32747,23031,-31478,-28128,-32237,11,-1,53620,2020-11-02 14:31:11,2020-11-02 14:31:41,1,D7:F2:3B:06:4D:C8,11,11,22661.214805780626,11164.830966622869,-38787.87851910706
12755,-5396,-23561,25856,6420,23792,-6661,1283,15902,10249,11,-1,53646,2020-11-02 14:31:11,2020-11-02 14:31:41,1,D7:F2:3B:06:4D:C8,11,11,33742.09836344906,8943.135513020809,-5853.323690611534
12756,-20747,25593,25857,-6633,14073,-19712,-27132,-21220,16135,11,-1,53671,2020-11-02 14:31:11,2020-11-02 14:31:41,1,D7:F2:3B:06:4D:C8,11,11,24602.598101444746,33464.78439826324,-5370.70561812364
12757,-19973,6653,4863,-16870,-12537,-8185,4107,-21988,-5367,11,-1,53697,2020-11-02 14:31:11,2020-11-02 14:31:41,1,D7:F2:3B:06:4D:C8,11,11,19086.853535405564,6653.0,-7632.9234319476955
12758,3834,-5636,23547,8732,6159,-32246,17176,1565,16659,11,-1,53723,2020-11-02 14:31:11,2020-11-02 14:31:41,1,D7:F2:3B:06:4D:C8,11,11,15740.996767138253,11420.428236551215,-14923.809857765105
12759,30201,-24835,762,6173,22540,-30716,-26332,28956,-27621,11,-1,53749,2020-11-02 14:31:11,2020-11-02 14:31:41,1,D7:F2:3B:06:4D:C8,11,11,-29541.525871655987,10251.067184434334,23487.7019044966
12760,-264,-10499,-10250,-13028,6157,32513,25646,-25317,13345,11,-1,53774,2020-11-02 14:31:11,2020-11-02 14:31:41,1,D7:F2:3B:06:4D:C8,11,11,-3870.8074321281847,10607.64146582913,-9373.152583619007
12761,10747,-12294,31477,-20962,23312,20480,23863,538,-4571,11,-1,53799,2020-11-02 14:31:11,2020-11-02 14:31:41,1,D7:F2:3B:06:4D:C8,11,11,10747.0,31857.766819704902,-11270.610376608245
12762,17407,-3337,-14864,6434,19478,-6913,20799,22551,13353,11,-1,53825,2020-11-02 14:31:11,2020-11-02 14:31:41,1,D7:F2:3B:06:4D:C8,11,11,1423.5443160061832,-16089.604333002771,-16558.25679193872
12763,-18427,-14602,-22297,-12508,-19683,-1792,-16059,12819,19498,11,-1,53876,2020-11-02 14:31:11,2020-11-02 14:31:41,1,D7:F2:3B:06:4D:C8,11,11,-25893.17707748584,18032.53462813487,7368.854573071629
